ID,TARGET
24,-6.029706439859567
28,-4.28504741565713
29,-4.215835471873514
33,-6.510394323484065
58,-0.9430465128444879
71,-7.313018347434548
86,-4.374835907999465
88,-5.7357048202486265
89,-6.330955628576347
107,-7.991689921560111
108,-0.9683778767680026
109,-9.544911592519995
110,-5.910037291806615
113,-7.90207768328402
114,-4.488670193599115
115,-4.61722496855543
120,-5.525872516682976
136,0.48832835386845513
147,-6.159772815438147
150,-6.8215072373965056
158,-5.414127129251216
164,-3.963546231410261
167,-0.719550653180151
169,-3.6766089373406956
174,-6.546886059113273
183,-9.63217879636508
184,-2.713641330972122
185,-1.1422207312312223
189,-7.0947816378692234
192,-6.31535806023474
195,-9.055252256079141
208,-3.5406854990408867
209,-8.608396561574759
217,-1.586967444531507
219,-2.292621391488
221,-10.295004377542009
223,-7.526707547794983
227,-5.375038616572207
229,-9.44996340732508
243,-2.818710166287812
251,-8.363857787644445
257,-6.888261075233509
258,-3.499171672065034
262,-5.571127322277769
265,-4.748421947045834
274,-9.524394874590035
286,-3.7103452381981574
310,-5.372432158025859
311,-7.356118765897516
317,-0.487036548689679
323,-1.0454725125508573
327,-4.2077220514128175
330,-7.285572721465702
334,-7.8352583817364705
343,-7.93158770199339
346,-1.439506182471664
350,-7.208833456978954
352,-3.539509267517018
357,-6.432528303804109
373,-8.870627929468709
384,-6.068643902284086
388,-8.511054236191798
391,-4.765429155670009
399,-4.433670156187417
406,-5.101887108350372
412,-6.588612569775616
413,-1.4288362946084379
441,-8.262566475519488
445,-4.064378093532068
460,-4.147729048183613
467,-0.45899955411281523
470,-9.166251881846913
474,-4.095350031482383
478,-4.923925734694333
480,-7.134016066197508
482,-9.390825744080047
491,-5.473169462261486
494,-5.1035517414677605
495,-6.547126209466673
503,-2.0616740172282944
504,-1.7180192877975746
507,-6.892833393116282
512,0.624333784019985
514,-7.810791240424032
516,-1.4338790777404407
517,-8.623645697106152
523,-3.735232856901342
524,-7.040160091276597
533,-6.417483590145077
549,-8.470087454370937
559,-5.94142785900144
566,-8.612904025460724
570,-8.973373385963528
582,-8.435267047127724
586,-9.870365066021797
590,-2.36297374451581
593,-4.929331661815474
612,-7.547186787774807
615,-1.9429756236247628
633,-8.360245674742227
642,-3.5746990343094653
644,-0.4673206580621715
646,-7.2448394504248
655,-10.550994544779192
666,-3.875513916423358
673,-6.185764838347336
685,-8.421435652870102
702,-4.391717990485516
707,-7.038784858889688
723,-9.845022252161938
728,-11.99992309499637
729,-5.378049237711491
732,-6.948918615488332
735,-2.1847189123027704
740,-1.8714755809397214
742,-4.164280956156196
747,-3.344174583333745
750,-6.530940513807559
752,-6.787428070689651
755,-1.937760803659427
766,-0.5657910757605186
771,-7.998364354876842
775,-5.644603380143734
776,-0.13246090239283723
780,-7.669471023477958
783,-6.728617826571807
787,-6.296368556742219
798,-4.478813863025195
800,-8.442650718412034
810,-4.376630111035353
820,-4.426701679614775
823,-6.438505001007966
830,-8.707577734741204
834,-6.742946996010308
835,-7.6866591859616396
837,-3.0184747704248576
838,-3.640938011532755
842,-9.33409158503843
847,-4.279289798829945
859,-13.394473449494491
870,-2.443687843221466
889,-10.07071175175348
892,-7.23424573119771
894,-7.7468452231120475
903,-9.989043246605943
904,-6.388947815084356
905,-6.005909757708813
907,-7.06367125204439
908,-3.2163085179891167
911,-4.399111964370636
918,-2.295748653625888
930,-6.30248567548534
933,-11.082815717403326
936,-4.832396337197486
943,-4.497346363352045
956,1.5333559496341358
961,-3.8484478428900655
967,-2.0754777434905574
972,-7.656222002906386
975,-6.053933371660644
981,-9.906198149201474
991,-12.23831521694285
994,-3.3094111438915017
997,-4.83404095414172
1003,-0.9874569889656925
1008,-8.564674949139677
1011,-4.3459666649819235
1015,-4.583698615240167
1016,-2.4469408749398807
1018,-11.285327626693421
1029,-3.4870956246631053
1032,-4.148313881987591
1037,-6.2193646362018935
1039,-6.2350526523518255
1045,-1.3272362086643974
1053,-5.215140281380388
1060,-2.7963844439279186
1064,-11.763313475603283
1066,-8.406266731652599
1073,-6.228499735895283
1075,-4.114028089700205
1079,-3.7245395181819245
1083,-1.2086158874044501
1086,-6.8501871239671095
1092,-7.007934257664888
1094,-7.661694717207814
1098,-8.82723497654728
1099,-5.657004358888828
1102,-6.2468922572620915
1110,-8.605957649964473
1111,-7.032355738662814
1116,-5.769751177549958
1119,-6.800719295725726
1128,-3.2003056764441165
1130,-5.438728701379252
1137,-4.900083312267438
1149,-0.9086442768422106
1151,-3.7806880583595053
1159,-3.2658643780042875
1168,-5.748537843885184
1181,-6.010754814037685
1189,-2.706311074614337
1190,-2.45392532058199
1192,-5.369116933361576
1196,-3.8951120149853162
1199,-6.046914289873425
1201,-3.880740284210456
1208,-5.178405611845263
1230,-4.396736293100459
1231,-8.144976921072264
1244,-3.0468749959593144
1246,-5.692970214877985
1250,-7.689535096126558
1260,-5.535924206732213
1270,-8.427653981784943
1271,-4.9373148622440866
1277,-5.033981543604393
1278,-9.737301604994425
1293,-3.9193644917494064
1299,-3.832346842205044
1319,-3.141548116233646
1321,-2.023317089751693
1329,-3.6547396806161307
1338,-1.9194984438442788
1342,-9.365274424221182
1347,-6.428527586199122
1350,-6.303464927316666
1351,-3.4760466746263416
1352,-8.559353944730624
1360,-7.696538161962835
1367,-4.193378904767261
1370,-5.944651117418677
1373,-5.656940563097291
1374,-6.66889974434383
1375,-7.636790496384508
1380,-8.7539473270181
1393,-4.9542907624070756
1411,-4.990344931592993
1415,-5.496421734853515
1429,-6.771168375369488
1451,-3.295907689904924
1453,-3.6186324953097575
1455,-6.479562109471845
1475,-1.721565376257602
1485,-8.46673725418443
1497,-5.331697734938833
1502,-8.050403136218927
1508,-4.927122417317203
1512,-5.105670474948604
1517,-5.024121874388819
1518,-3.981735309882183
1519,-5.886709978266693
1520,-0.6126981628918704
1523,-4.376072520874545
1529,-5.861971607097019
1530,-4.679354889150508
1531,-8.161642526139664
1532,-10.37465600567836
1538,-6.47836756703856
1551,-4.450491996143084
1560,-5.33222128494009
1563,-4.436029640752927
1565,-1.4989690677064258
1569,-7.341587172812179
1570,-7.600112439896103
1571,-8.889106321496673
1591,-7.07860011579811
1595,-12.94277087910004
1596,-9.066973327765606
1602,-0.7219605985133376
1604,-8.71404677315208
1613,-8.326831800624465
1620,-6.628471301659263
1623,-4.353430997812309
1627,-8.97425664105311
1633,-7.321255710143868
1641,-9.903795928064708
1642,-3.321795708612305
1646,-7.8748026700253595
1648,-7.091959678681436
1649,-0.9217364985003963
1651,-8.09934710153756
1652,-3.7883241350187165
1653,-3.7899504301308253
1661,-4.6117364141759145
1665,-3.2801790984056898
1677,-4.248762334587739
1682,-2.7005396126442136
1684,-6.809992179247447
1689,1.6596414536899524
1691,-3.5543675138668482
1695,-6.771546707096217
1709,-3.8925692482046435
1717,-7.174358364098313
1725,-14.898356044067862
1728,-1.091089171867333
1733,-2.724101526272091
1735,-6.654986588722872
1744,-8.640977195990228
1754,-12.955347245211458
1756,-6.489395759377187
1760,-8.414434346414417
1761,-5.231221982399988
1777,-3.636099253776502
1781,-7.121977785651178
1782,-1.9616821623536895
1784,-4.519511609330945
1793,-6.959630751393552
1806,-7.123874679850094
1809,-5.965808182685709
1816,-8.167633971976969
1824,-8.412658930690139
1829,-1.7258886867600058
1840,-9.994118717779285
1847,-4.966139497661931
1848,-7.001105862311905
1850,-6.418525000379947
1858,-7.38608647402812
1877,-9.062309583943106
1878,-3.3207295761580187
1886,-4.857633754856857
1888,0.7142836971979656
1893,-2.1118989745422905
1902,-2.203960776290058
1909,-4.16789922104708
1910,-2.109341490547215
1918,-1.8186243552229864
1959,-7.337736258422362
1961,-8.311241141619663
1968,-2.6885188682407604
1981,-1.9587521758968984
2003,-0.10616143649667452
2006,-2.6291574281995786
2009,-3.5845319136930622
2016,-7.559731458256394
2023,-2.6712485610772925
2033,-0.8245180327707674
2039,-7.787472614819205
2044,-8.361942302412798
2047,-8.654644735562393
2056,-5.027459147432547
2072,-1.8687263315933695
2078,-5.065691989584657
2080,-1.140504565284153
2082,-4.655864243017912
2091,-1.3035075386613781
2092,-6.764079593442821
2100,-8.502301220738827
2106,-0.6129547581057018
2108,-2.077630273654428
2111,-5.803829008885784
2113,-5.109766864510565
2117,-8.06915848782314
2144,-2.1088229700387826
2146,-6.6221439755097995
2150,-8.673288401614894
2162,-3.0379723462893464
2168,-3.0635219020159146
2170,-3.7559996240799993
2180,-3.5676879530956973
2185,-4.275614214909932
2188,-3.110096707168973
2191,-5.171947337104233
2199,-5.799124003599783
2201,-8.09221330936516
2204,-5.036073396563627
2208,-4.736213460706751
2219,0.24164436075875392
2222,-8.72219689794946
2236,-7.482291540098911
2241,-6.063373355854296
2258,-5.468293571230489
2261,-2.0251556529353163
2265,-4.656052273230344
2272,-6.232297611167741
2273,-10.155344240357056
2274,-4.925058761539628
2282,-6.883779668926288
2294,-7.061166424508285
2301,-1.7993066897518588
2313,-2.9125047934842416
2315,-4.530800749754495
2336,-6.189675347855932
2347,-4.673783048917389
2357,-3.9646437692667553
2366,-3.0345269558648327
2368,-7.7527518811037766
2378,-8.471467767270369
2379,-6.901743321433446
2381,-5.302573566547387
2387,-3.5608954050287767
2390,-7.183594016847214
2393,-4.903582462321864
2396,-4.854055379354274
2415,-3.868852698047909
2416,-6.377781524566128
2420,-5.8607509922092484
2440,-6.534764416939775
2455,-7.929354803321917
2463,-2.5565213542303233
2469,-8.6824485140315
2474,-7.227783802671471
2478,-4.855708075201442
2482,-2.2501627578113212
2487,-4.468470898166464
2492,-0.46842348599803446
2496,-4.851882675951067
2509,-5.792611461731866
2512,-3.0579669800918894
2514,-0.011626182069502094
2515,-3.3427632321629557
2516,-4.392654658077253
2517,-4.728721382449089
2525,-8.637175378492849
2538,0.13199881086862933
2546,-4.4279392140907845
2560,-5.750895296889862
2570,-5.977652869425257
2575,-3.0052650451282776
2577,-3.474941638702157
2579,-8.554711563138916
2581,-6.797841417539725
2592,-4.07303987945502
2607,-8.948202544004726
2609,-4.226316598629288
2614,-8.563299948778628
2616,-5.3454672290278955
2628,-3.7595878101047644
2630,-5.59510911679797
2640,-1.5665123223611954
2641,-5.0522758872071885
2657,-6.589202995514511
2660,-5.922697259288247
2662,-4.99328709081569
2664,-3.247275948140444
2665,-5.970785147489447
2666,1.3895150698215668
2670,-3.692947569212202
2672,-4.8178644590596145
2677,-6.262779662525266
2678,-8.301179572032334
2680,-4.08149409093634
2690,-6.5860991644199
2696,-10.560050091008307
2701,-11.530295901773487
2715,-7.606954722666275
2719,-4.6994133265118325
2724,-8.236274806524142
2728,-6.8167255423982995
2740,-5.430986164636043
2745,-5.337696386022304
2758,-4.0604003634883945
2778,-8.560275682259183
2784,-2.416656872485916
2790,-5.2139996713957935
2794,-4.602813047835589
2801,-2.753120713736
2802,-7.163787094081959
2807,-7.415018540376929
2815,-3.857837751043051
2816,-4.58549121224964
2826,1.2599110498126853
2855,-3.66200259025956
2859,-0.9702928250395453
2867,-8.273340900656136
2872,-3.3546780054962224
2877,2.5091239068618645
2885,-4.3814248119945285
2888,-7.045085349267414
2899,-6.344081434494282
2906,-7.622483261141056
2915,-7.96701000931015
2919,-1.3333370977902281
2923,-10.524517134137472
2927,-4.947726589464903
2933,-4.914040298691832
2942,-5.681071574563035
2949,-5.525026875300509
2957,-6.193543745086049
2960,-10.940194098043866
2962,-8.38307722772781
2966,-6.39039634373214
2970,-4.738459477080631
2973,-6.759916358748442
2974,-8.428167728733019
2977,-1.4166171277550783
2985,-5.345010844786078
2996,-8.578467375735654
3005,-4.449627023972879
3007,-9.983946350507654
3008,-1.4732964819727632
3034,-6.510431527074058
3038,-1.7279137085387244
3040,-1.5047381662434602
3042,-8.18316373955213
3071,-6.60939041671264
3075,0.2602942969519178
3094,-8.183514436795456
3096,-4.021009367174491
3098,-1.5794139148788449
3099,-6.577390682379509
3111,-7.465966008470258
3126,-4.1669664685117285
3130,-10.604790889913641
3141,-6.706467038705451
3144,-7.824490693448728
3146,-5.835155017764108
3147,-7.669704184566541
3149,-4.519622103848942
3154,-3.5149035514113414
3166,-7.720037988284035
3167,-2.843439494753156
3175,-2.234141345581622
3184,-3.9136993070277426
3200,-5.98945539852257
3204,-5.675397192114809
3205,-4.424912952253509
3207,-4.275194407136198
3210,-5.363147717717781
3223,-2.218296039464336
3231,-1.3651052096909795
3233,-10.756786540084086
3234,-6.415722779681199
3267,-3.9392790827766606
3268,-0.4946258180727955
3273,-8.863122175525126
3274,-7.8906212600404695
3277,-2.216341626178249
3280,-5.277646326853072
3284,-5.967171055938183
3285,-5.410213187233041
3290,-4.753092962319552
3294,-6.312203146801649
3338,-3.7735712416328715
3339,-7.416688200331598
3343,-2.5633048663329356
3348,-8.497124466510417
3368,-2.260117348705195
3369,-2.96100024084818
3371,-8.243884292764804
3374,-3.7276180328332025
3381,-5.804304430773891
3390,-0.677407579851996
3394,0.7074944384561409
3395,-6.47697944822157
3400,-2.4566743020587243
3402,-2.6397154139723393
3404,-1.958856516122496
3407,-5.675241765495221
3427,-6.397761145227568
3434,-7.502010753723493
3442,-6.157898014304453
3445,-9.605594248598381
3450,-6.805262626004838
3454,-3.073855116096519
3459,-7.842416685536802
3464,-2.71985472200241
3468,-6.78002870688319
3470,-3.2121917535164357
3479,-5.946589512841553
3490,-9.385557330678722
3498,0.39280712603968704
3501,-8.950657722808156
3508,-2.2662020949539072
3517,-5.194942000405216
3526,-6.57081268611424
3534,-7.354497874104285
3541,-8.312819149384142
3546,-3.423572415594373
3548,-3.160668191592304
3552,-5.202191659741714
3560,-6.9998110342649795
3572,-5.850923244258176
3574,-6.443035403432467
3579,-8.717230549935561
3593,-4.951492143214415
3597,-3.667686699128138
3598,-6.458029819900581
3599,-7.4364790800081435
3623,-4.120860720548934
3625,-4.325999661701906
3631,-7.464686028206549
3647,-7.646005979239154
3649,-6.443635048944364
3663,-3.4314269310672083
3664,-8.188157470685672
3670,-7.7264094789689475
3674,-4.977243264268408
3684,-5.380666879042413
3693,-7.26829991411545
3695,-8.517172686639789
3698,-4.307853402959228
3699,-6.934126089704657
3701,-7.200270369693585
3703,0.49005386780016247
3706,-0.5564604543711642
3707,-4.412720414105466
3716,-4.399748962819551
3718,-9.089465718042263
3720,-2.6964548536732282
3724,-2.5512769667674204
3733,-2.6847165532857287
3734,-6.474641730851269
3738,-5.361119902667981
3747,-8.284397948990883
3758,-5.396113681271789
3760,-2.7233710560569038
3764,-4.187251176828432
3777,-1.2464916922707134
3779,-4.9578305366071875
3780,-9.329428820509845
3790,-8.480232894898572
3793,-8.29895523200957
3794,-3.1264643755794412
3805,-4.764937174616923
3813,-6.633890656732514
3815,-3.879879193972173
3819,-4.088305517497908
3823,-5.059874028809877
3827,-10.411915908202868
3850,-7.011157309910446
3858,-4.11894307262244
3872,-4.246749547055629
3891,-6.588218005306801
3892,-6.064123355683118
3897,-1.3867008438382316
3902,-7.778692614918767
3932,-2.66796414331207
3933,-5.950196970872355
3934,-6.951461926166206
3938,-2.0934830539662834
3941,-0.8187488008095126
3943,-7.856533344936564
3944,-2.1045074069229908
3950,-1.9425587787896421
3963,-5.559983706931984
3973,-6.298120925486671
3978,-7.77735235633518
3979,-3.897745204772645
3985,-11.610281550941638
3988,-2.3281200392981503
3996,-4.116494256690624
3997,-2.536360164097006
4015,-5.913293859902525
4037,-6.965651149101849
4057,-6.789199282631041
4059,-1.9591769687876035
4060,-5.823248657210409
4066,-8.235008598775092
4067,-7.558138344844706
4068,-9.124600739862053
4070,0.2873613724540903
4089,-4.517417200467676
4093,-8.452847933857434
4099,-6.882338406979372
4103,-1.9524673180298506
4106,-8.264554173197055
4117,-7.078835670298936
4122,-11.51004590475255
4136,-7.004194459149651
4141,-3.4208810603414523
4158,-6.6319064243852965
4164,-4.25698264411137
4171,-8.69958217139129
4178,-6.329556788621284
4191,-7.427586726942492
4204,-4.293662578179192
4211,-2.3746930796271686
4221,-6.260800947616534
4244,-10.914055098892534
4256,-4.937172456295403
4260,-3.931663163466436
4280,-10.351388916081087
4287,-7.840156807860396
4288,-8.29009501792094
4303,-5.147764960811284
4307,-7.332387452843907
4312,-7.730550422691546
4315,-4.928104278332697
4317,-6.788660414001707
4332,-1.8731930422873944
4346,-5.420337767591699
4350,-3.1542720158970527
4362,-6.456134983418221
4373,-7.114141799589063
4381,-8.066380120140687
4388,-6.078950303961565
4391,-3.430771673934978
4394,-6.4052685767769475
4397,-5.451368975205812
4402,-4.641461403664809
4408,-8.741745637921724
4410,-5.607161527672791
4417,-2.9218037104528363
4419,-6.612910394778103
4426,-6.883710320093454
4438,-12.038037311991978
4444,-4.4880901492968635
4448,-4.306594120705988
4457,-7.9267255453064
4465,-6.878310581288533
4472,-6.071873665664729
4482,0.9256608501938793
4484,-10.794521800684558
4491,-6.810363145718663
4499,-6.5824050178366695
4509,-5.243237349811971
4511,-2.958323130067897
4517,-7.3632829910115305
4521,-5.265783901408858
4525,-4.991423779624034
4526,-6.878349448183897
4528,-3.1319178812884987
4533,-2.6042413759172076
4537,-2.4983650704735987
4539,-7.935490084282491
4542,-11.973592115209746
4558,-6.865973798362592
4559,-10.40903901288021
4561,-5.736780914418968
4562,-3.4236779474690646
4573,-3.440863065119298
4591,-8.3269691080226
4595,-6.622619821799121
4610,-3.407852106636927
4617,-4.059033339422213
4625,-2.6641908147389537
4630,-10.958159678477418
4632,-5.842064828359949
4639,-7.49121795478506
4640,-5.65560769380745
4644,-2.443486776786445
4645,-7.428697689280929
4653,-5.43946741713567
4660,-8.759479701421578
4661,-7.024790658605489
4667,-3.790556917485336
4681,-11.425593591538306
4682,-3.8112314137848906
4685,-5.651245047930864
4690,-6.867760343070587
4701,-5.03312111620138
4712,-6.499627415888789
4717,-6.0447236536691635
4723,-6.188166127774938
4724,-3.2179962700876397
4731,-5.104595854450241
4733,-7.700162964295227
4737,-4.314983453420896
4738,-4.085545878626342
4743,-5.656076744200442
4754,-1.6650301635851532
4758,-6.184795258847842
4764,-5.124383953601339
4765,-4.4657057414394385
4782,-4.591282303130289
4784,-4.160692427885103
4793,-4.051592472342556
4794,-5.740590029059676
4801,-7.204225385785514
4802,-12.048391595457401
4805,-4.726984905876882
4820,-4.234712884291333
4850,-6.35265823280845
4855,-6.041732872618285
4864,-9.017428721852058
4865,-5.960265610008445
4868,-6.292806510826292
4871,-5.264462784216018
4888,-0.9462407730456291
4889,-4.010248940762544
4898,-6.756597155379602
4901,-5.41771394181089
4904,-4.926037496850029
4910,-2.466089513563255
4915,-3.152895350077288
4921,-5.783571933706948
4926,-5.853896856805483
4927,-4.344166245731563
4939,-7.551032500459162
4943,-6.249664184511866
4954,-6.1523509222351445
4964,-2.928866875468407
4965,-2.5830776872426124
4971,-8.676929060289112
4973,-8.110391031236896
4977,-5.526656977636939
4980,-9.003071482698406
4982,-2.8043664854645893
4984,-8.007379842910826
4985,-2.389149952656165
4989,-2.22348922018109
4995,-3.1595311667824024
4997,-4.9861726828744235
4998,-0.16066267626776973
5003,-2.6979661612866925
5007,-5.4689935666444285
5008,-5.423075262316199
5019,-9.955671005271917
5023,-3.3295145435103355
5026,-4.467598985984814
5033,-6.404894662835195
5035,-9.615011521965467
5042,-8.158246110163276
5045,-2.0453152067887284
5050,-1.70204888700994
5059,-5.133435066004967
5068,-3.3486692479074405
5073,-7.81647216567944
5082,-0.8775314236167839
5100,-10.530395585632293
5103,-6.7503647611580515
5108,-11.684586506891296
5111,-3.0365289932084196
5123,-7.43116812144628
5124,-6.528280773841591
5128,-4.977342337631779
5129,-9.347803313338218
5134,-3.638760960185497
5136,-5.343402296735578
5140,-3.271627916037171
5146,-2.9272868020026066
5148,-8.53636655521577
5159,-2.6826965268715757
5161,-6.826082698528232
5171,-2.6902826772518194
5183,-4.2386941566058045
5188,-9.55667608544729
5197,-6.61629751562048
5207,-7.1517808133725165
5209,-8.944046286070423
5210,-4.1739175998680444
5241,-4.1791510517995665
5245,-5.813134892939919
5248,-4.073841480507651
5260,-6.835631660651399
5269,-2.2824615907997203
5270,-8.683857381962655
5273,-4.82111664460315
5281,-9.602109606429652
5286,-5.264103821178279
5309,-3.8189177012804363
5315,-5.499561302215148
5319,-6.858441436965663
5325,-7.688745640301473
5338,-1.0069825428906893
5340,-10.312074645059052
5347,-7.705213594688564
5352,-5.49854456389126
5359,-4.338537267657061
5369,-5.277636797567658
5381,-4.338433024895968
5392,-3.4226215942013045
5394,-5.663435495849632
5395,-11.654376128187822
5412,0.6603064632982368
5413,-2.6707316766198947
5414,-2.128416394457191
5421,-10.775251976676019
5426,-5.363041757129311
5429,-5.576283989827119
5435,-4.807878045779647
5436,-7.824526057130602
5439,-8.494451205779473
5443,-4.5183953963178745
5457,-6.8115340395481665
5458,-3.482363748180446
5464,-6.414243869393782
5465,-8.035770974700275
5474,-10.37691247821364
5482,-9.055791225348889
5485,-3.5976818126667585
5501,-6.08855490793015
5506,-7.679436499477393
5514,-9.931942439777657
5525,-6.531550600314902
5541,-10.400252072558176
5542,-3.3453024975489125
5551,-0.404006940969173
5556,-6.14685599791579
5558,-7.724127307832889
5571,-7.860812533796493
5573,-2.36092348588732
5579,-2.2270561508341595
5589,-8.68566564089874
5592,-4.784830618463675
5602,-10.855405334613472
5603,-1.3690992555462933
5606,-7.562408473802253
5608,-7.4175217579007064
5609,-0.43649200788996645
5610,-6.470478136535266
5611,-6.505448743407602
5616,-4.076286849381624
5620,-3.069166551648339
5624,-4.264633395622732
5639,-3.8495235180773255
5654,-5.231862400159676
5658,-8.984340734607986
5659,-2.367972967897278
5664,-1.6152378800336011
5665,-6.630427196859212
5668,-6.728947996784902
5694,-5.423731753910949
5698,-7.5538594763159495
5702,-4.835683042650753
5715,-7.030350481980381
5717,-6.123264958181795
5729,-7.882979592068739
5742,-5.618386776503837
5744,-1.7801668736322478
5773,-5.5397014212330085
5778,-4.118155690381364
5780,-4.054113930498109
5795,-6.943932518292298
5803,-7.75718710936886
5804,-6.619488936151664
5814,-8.574696745758215
5822,-10.058988637739231
5831,-6.246218056011473
5835,-0.17076704486321104
5841,-10.412104106804042
5853,-8.256972197570677
5864,-9.906443025510942
5871,-5.823774289736398
5873,-9.369216466679472
5877,-6.9202202273775155
5879,-5.2859101851683485
5889,-8.387266866711162
5910,-3.6782678423163064
5920,-10.781977901751887
5934,-10.093098215678275
5957,-7.732730780199396
5965,-5.128399311933282
5975,-3.177756436076948
5981,-7.558787237915482
5995,-2.1463364514508525
6000,-2.8304113333689846
6006,-2.894912976931776
6007,-4.172691854410723
6016,-3.0801696080845375
6020,1.3966682001046968
6026,-4.564421489118679
6045,-11.093673652472743
6053,-9.111443251479992
6069,-8.746042647703847
6076,-4.948078194369668
6092,-5.4725650199528975
6097,-2.2003629226422716
6101,-3.193881502676287
6113,-6.52298507117776
6117,-2.1053856359169987
6119,-6.285837328706684
6121,-3.548339589776982
6123,-3.5509448303097693
6129,-4.8262721067701495
6131,-1.2538810113790064
6144,-6.638690804565466
6146,-7.296477942370771
6153,-5.10733311520592
6157,-4.899958930198424
6170,-2.5331753491084634
6181,-9.153797447408776
6187,-6.600537851537093
6206,-5.525519805831664
6214,-3.6501250149642135
6238,-7.3331171219247935
6243,-6.454235067690574
6247,-10.163821960236406
6253,-1.3046271190456702
6258,-7.821756820211289
6264,-6.961118331963072
6267,-9.40996299657931
6275,-4.910114638963936
6280,-3.1166338488204444
6282,-5.991210165509436
6287,-10.153798836160657
6288,-6.84844004724359
6295,-8.299218094929474
6315,-3.094282241024576
6319,-4.211024885695124
6324,-0.4777913226689546
6328,-5.498606730748138
6332,-6.249036485517539
6334,-5.737819525312272
6335,-8.3273726160893
6338,-6.484020522427024
6344,-3.9696629751883057
6347,-2.854673943678554
6350,1.1268823736238698
6353,-6.649843724876175
6355,-2.8695894864770675
6356,-4.998383376750695
6357,-6.013427495013583
6362,-5.022585727370222
6364,-2.5756602659050696
6369,-6.608343005692531
6373,-9.572567098188271
6378,-2.8782924204569484
6382,-6.336100178005792
6391,-7.755988348970824
6398,-4.200811645729585
6403,0.46661860244044123
6405,-10.179383091614453
6420,-4.0993950407820865
6421,-6.106723562056347
6449,-6.514303200548273
6452,-6.615359464077821
6453,-9.430233029385253
6481,-5.056361045861544
6494,-3.702672607242885
6498,-5.351523428640651
6507,-5.7898397313425605
6514,-7.5210371495450214
6515,-2.0164276124498532
6517,-6.632410264939629
6521,-7.0211688162871155
6526,-3.9574056059447473
6534,-3.854741312357876
6538,-7.653161356669172
6540,-4.5994984386276805
6541,-10.762514211942914
6544,-8.084119690510162
6545,-2.4903692287937407
6546,-1.8423154424226353
6549,1.2722303434509907
6556,-6.386847898058435
6563,-9.04255684304618
6572,-2.496988015800443
6574,-4.669218325962876
6577,-4.248565998418444
6583,-4.417451279877489
6585,-5.652714829264243
6589,-6.519337128542044
6600,-5.894640867507885
6602,-6.471516191920124
6606,-7.350960544838297
6620,-7.759481894991352
6621,-3.813425349198684
6622,-6.907707989585591
6624,-3.9997927619458324
6630,-3.156361471256238
6647,-8.635490135614415
6649,-3.3569797079896273
6651,-5.32400066962534
6653,0.1703401995045583
6655,-8.039665888985265
6667,-1.5858013691014479
6676,-7.975862841733951
6686,-2.045824687590415
6698,-3.152462844663619
6702,-5.420077141264523
6703,-6.1570528523659735
6711,-8.815369530946569
6714,-2.3942209946257753
6718,-5.47687503527383
6722,-7.148965404247391
6725,-4.378925352620282
6727,-4.42844439411739
6728,-1.9915551073435018
6745,-4.9373148622440866
6747,1.773988044040583
6752,-8.788685781693449
6758,-6.043361077248832
6767,-2.731964924560905
6774,-4.776955869449509
6776,-7.886613767807062
6781,-7.0217860110483
6785,-3.9946228013903067
6794,-6.1706540220269686
6798,-5.397295802603959
6813,-4.247282319578914
6816,-5.612462392538995
6831,-5.528430516297787
6838,-5.421402680859868
6840,-3.6040714782160763
6842,-2.7079523234846894
6846,-4.596035016813396
6849,3.7083735550310455
6868,-3.9108095162383445
6869,-4.774623760176755
6878,-1.6694057510484634
6884,0.10152060819025242
6886,-11.245865354797116
6889,-5.166684083035709
6902,-2.7538063368506958
6905,-4.427788271567011
6913,-9.19887122910046
6914,-2.837527696049261
6915,-3.4481177184802374
6919,-7.996153819875518
6927,-0.5083130320078583
6928,-8.106969633837313
6929,-6.966870978260799
6932,-3.1656434604005486
6937,-5.2076187513642
6953,-7.782477830066561
6963,-2.3273521578453233
6966,-5.427711324650643
6968,-2.2550413755730103
6977,-1.0056073768218337
6980,-6.433027781448572
6982,-7.402590825296125
6983,-3.1434543146334812
6984,-8.263785596004512
6992,-5.008033603020818
6996,-4.921217244666377
6998,-8.179182021708218
7002,-4.199846450616962
7006,-3.8130415427368307
7009,-4.637849937413332
7010,-5.45982225170519
7022,-4.8857702293154945
7024,-5.89676554365511
7033,-8.942753203564605
7034,-1.0551671407344994
7035,-8.205362306035493
7040,-9.13417967704963
7042,-3.872982188649817
7045,-9.159708001325992
7046,-0.7163306844700431
7051,-7.582676843814586
7053,-4.293759168731341
7062,-7.513043322240263
7068,-6.821873095217091
7083,-5.78383138182285
7098,-4.649929125564853
7102,-7.32972310873239
7116,-5.619800976980121
7119,-4.508107486986842
7121,-4.0529650727807836
7131,-5.116077155084399
7134,-1.0303143942534951
7135,-5.404018847142881
7138,-7.796429708007698
7141,-0.4484705591098336
7173,-7.5391569781778305
7181,-6.474421289432242
7197,-6.907638983312815
7200,-7.944478541636549
7213,-9.62720264833548
7214,-9.201130547874701
7230,-8.71319900614011
7231,-9.445523226646424
7236,-6.405120013000388
7238,-6.059553044796998
7245,-1.8187121419919348
7246,-5.345858398512193
7248,0.04140642512046768
7265,-4.57489128330639
7272,-6.235743932074471
7274,-3.0030377724267985
7279,-11.991146067237894
7287,-6.475159181961805
7289,-6.26943135239056
7290,-5.681150234407127
7291,-0.20734413964206758
7300,-9.04364338313291
7302,-9.702970682222356
7303,-4.329838126308831
7313,-2.5711847648994595
7314,-4.000292848154513
7328,-6.058260979758499
7329,-6.024802378182954
7335,-6.449721327515578
7349,-6.358581513912683
7363,-1.9893133794125228
7365,-3.6557459491024655
7366,-5.8725449887928365
7370,-6.049606013476033
7380,-8.058086430812612
7391,-5.74350619928222
7392,-5.715902332497914
7419,-7.490528751635443
7425,-1.615831533941686
7431,-0.2697256895684923
7440,-11.46140085820262
7443,-5.824590486342856
7445,-5.287171732205135
7449,-6.836731021214569
7460,-7.4308413893556375
7478,-4.689626318980225
7484,-7.697380295406659
7490,-6.197639391342046
7491,-7.808008666008263
7496,-4.431053649354513
7499,-3.4751116631044967
7500,-11.61513011069334
7505,-1.520066267518528
7506,-1.8487847775372659
7512,-7.751263310566626
7532,-8.801170392247222
7536,-4.871238536985467
7538,-1.3559853823690966
7539,-2.5627505515344944
7541,-6.068170726673965
7543,-2.4727958822113214
7547,-4.871721360693956
7549,-2.1056210564469957
7558,-6.81575880005875
7571,-3.896481870088695
7572,-6.5250522954954455
7577,-7.168539346377007
7595,-5.6220442507975
7606,-3.847635265191381
7612,-4.879792271074293
7613,-3.737940509616553
7627,-9.719539339854567
7634,-2.746812970808979
7644,-3.639827128488776
7657,-7.683013579208111
7661,-6.417534041967422
7670,-8.576805099706597
7673,-8.2850343641998
7674,-8.85681879233923
7676,-2.1820802170722753
7679,-2.0742987205243084
7693,-6.292220312176613
7694,-5.192291377272709
7704,-8.790362251039786
7705,-8.039726795110997
7711,-6.314533179970105
7714,-2.835052604201136
7724,-7.6809225147304
7740,-10.044646189499664
7745,-9.314970321078057
7747,-4.23512368126575
7752,-6.031056244720724
7754,-7.509777687695168
7756,-8.600706131071854
7757,-1.8654872221928096
7760,-2.770897821755821
7773,-3.1568219304665126
7793,-8.816840469765978
7795,-6.10061884600118
7800,-6.281693869119791
7802,-4.9884923042356455
7816,2.389361967064005
7821,-3.819907300555334
7822,-5.812274260403195
7829,-6.155006620945731
7836,-6.893850433270923
7842,-11.243554782336258
7848,-5.3418722270942345
7878,-0.6312037073515995
7880,-2.68486015384485
7881,-6.705090813238254
7883,-9.078943471412131
7891,-7.520758153628041
7897,-6.0480546751886015
7902,-6.393755190927692
7903,-4.360289685965701
7906,-4.263164795441911
7907,-7.001535402324166
7910,-7.805206619682445
7922,-7.200638958039051
7924,-5.911570376117621
7927,-6.126314313264501
7929,-5.327974199746965
7933,-8.259272520811857
7936,-6.313056840823159
7937,-0.7824156894287742
7938,-4.76807564112647
7943,-8.415410318122113
7944,-9.355073416405352
7960,-11.955583061922212
7961,-5.77337310895049
7967,-5.749094067964688
7975,-4.722661565837446
7984,-6.4879248336468205
7985,-6.841655387817093
7992,-3.2063713666738924
8003,-4.511904083983687
8024,-1.134584331522489
8035,-0.8324958010920441
8043,-5.952277550217771
8047,-7.1234363407056
8048,-8.63969210872563
8054,-5.892603994787764
8061,-5.8308681655765895
8065,-9.157101375457858
8067,-0.4029757598935149
8071,-5.761134000839892
8073,-9.573873412013082
8075,-1.8714430366576986
8079,-5.661435601845911
8083,-3.3641036641756057
8102,-6.8881643908902195
8108,-4.81761301392406
8118,-6.836731021214569
8126,-4.955057106516365
8127,-4.029815426515037
8129,-8.213076970129842
8133,0.2201617767606317
8138,-9.885532119176597
8140,0.5220995207375014
8146,-11.71369523477104
8147,-0.5786790591707817
8148,-6.678558490688465
8152,-2.731491920185536
8158,-5.208322344976362
8169,-5.275918777239446
8176,-5.758981624946878
8179,-5.899641568419374
8183,-6.5518034772857465
8185,1.1134172386683416
8186,-5.925461458509212
8187,-7.308192669804843
8188,-3.062099556203966
8194,-3.759411560316928
8195,-7.587418147630058
8196,-6.019708183730292
8199,-4.475727627718658
8207,-5.2680515574086035
8209,-5.349530771607607
8212,-5.7160548235960595
8215,-6.59755491399812
8217,-7.669002905372113
8224,-8.317362688644403
8246,-6.711662164482813
8247,-7.031189506046746
8267,-8.26433904106232
8268,-7.095004459844879
8284,-4.734295777982931
8293,4.194796678662559
8304,-2.109014235600246
8330,-3.5006827763770207
8333,-11.569298171111766
8342,-6.383598404073372
8368,-11.384626675413081
8369,-6.986396102346702
8371,-3.7305713780634684
8388,-4.490230204325557
8391,-4.111618216919923
8400,-6.258825604113518
8404,-9.25945422372384
8410,-7.327562923522677
8411,-2.616061529854002
8423,-2.595579891424382
8432,-4.973746112446403
8445,-4.884137456954542
8461,-8.522157493386196
8469,-5.0027679115008405
8472,-5.855214391010478
8504,-5.67008527912728
8506,-3.502031235849543
8508,-8.781247087616258
8509,-6.343020267970322
8520,-6.879952840053421
8529,-5.910037291806615
8532,-6.009295910450491
8550,-4.593843899062736
8559,-3.2221609685508614
8563,-2.0984565185510418
8582,-3.232667191006774
8584,-11.07951502468607
8585,-3.2323128706906297
8590,-7.842481026884301
8594,-4.353328184407036
8597,-10.586963727077897
8611,-5.679039747808637
8612,-6.56702562740076
8619,-4.484804751718221
8623,-3.905299157544233
8636,-5.425577015224134
8647,-6.337536802866193
8649,-11.33202034365781
8664,-3.371017986129638
8671,-8.94602288477545
8675,-9.104398953754867
8687,-4.033001679165479
8696,-7.5210371495450214
8698,-3.280239994771362
8701,-4.762596338568354
8710,-8.361510594581551
8719,-6.336716170629359
8729,-7.024168074524859
8734,-10.888453123619138
8737,-4.90339610028473
8753,-4.382018776694668
8759,-3.259137922686208
8800,-3.315874747487333
8801,-6.413914866852255
8806,-5.8449501622969
8816,-1.2698581521266905
8820,-9.142997804420734
8825,-2.4744657346183665
8828,-6.412137869440302
8831,-3.326726746762837
8838,-1.135660094294066
8840,-4.613113067688665
8841,-4.04430953914212
8853,-4.596367580260409
8860,-5.320824763540633
8863,-5.909097903732414
8865,-9.216045428789306
8866,-3.488543054930372
8868,-4.648122761028328
8870,-10.986175442718272
8875,-5.436315695959799
8884,-4.586402798263996
8888,-9.862332599632092
8891,-2.081281424856606
8898,-4.537530042080553
8922,-6.474200347379233
8937,-10.89149351565732
8938,-2.67556581592227
8943,-4.661084605022614
8952,-5.742595308568328
8958,-7.749642274693467
8961,-5.279997822667231
8966,-4.401893868492719
8969,-1.6059086828243228
8970,-7.083707366636917
8975,-6.836897200373826
8976,-6.532882556230758
8982,-10.118424255293752
8995,-5.590125807770065
8996,-6.284063846281775
9006,-4.286904224536628
9017,-5.774444579217935
9022,-2.867367632430749
9031,-9.953450135396686
9037,-9.227093510622208
9044,-8.109995776876028
9047,-5.520800538217556
9060,-5.517896355503352
9063,-1.7813383917000836
9064,-7.330393890828012
9073,0.19765123592386863
9082,-6.624786900246017
9095,-1.8244809353906961
9096,-5.819136578410247
9101,-5.92493948581151
9108,-3.6374392485843163
9109,-1.425338444664198
9113,-4.794426945271522
9115,-9.009657114828535
9118,-1.2129070436813496
9120,-3.764182143918522
9122,-7.293243590445263
9125,-10.434615893527111
9129,-2.7540275465640276
9132,-6.539049858624227
9136,-4.8882825007583195
9143,-6.665432967286904
9144,-10.179938059254804
9152,-4.546314876546789
9160,-3.8000337066361234
9165,-8.147072637784175
9166,-8.12478401943616
9168,-6.481136878798298
9177,-6.624422454959093
9184,-5.179858969604441
9186,-5.662752212700843
9188,-9.577736841560144
9194,-5.58340408285728
9201,-9.057407089601604
9206,-3.107399915267298
9214,-5.300460855518121
9223,-11.08425187238998
9244,-5.705380630706843
9260,-2.8918482454086236
9261,-5.00943619730399
9266,-4.435981029928716
9275,-5.170098203828003
9277,-6.4913733389656585
9282,-9.160207560847065
9285,-1.351429078995147
9286,-4.305874436119872
9288,-1.9931431043174979
9300,-3.7305713780634684
9304,-0.683851939986859
9306,-6.5378526500286736
9319,-8.956256668373262
9326,-6.664074041665995
9337,-8.675284231670462
9342,-6.011374106075646
9348,-3.9972839037984955
9349,-5.724534317350604
9353,-5.28057887604858
9357,-6.235463630703932
9364,-5.420047144788443
9365,0.6327708953281135
9374,-4.005660994303311
9380,-6.6427242632951975
9391,-7.046888271511659
9406,-2.468039825610832
9411,-5.646934075930467
9412,-4.275493583261238
9414,-9.077397774683915
9416,-2.223594535090172
9421,-3.6943339422611894
9427,-6.001430606376971
9429,-1.634466266636657
9451,-7.86606804370621
9458,-0.3727312333175685
9464,-0.1593703107904689
9466,-9.17540547538448
9468,-1.3665164588691103
9470,-8.799088610044603
9471,-5.067644185263041
9494,-5.644988758376384
9523,-5.940674820575949
9530,-5.810046834505863
9540,-10.221424650242701
9548,-12.268872580040748
9561,-3.8489957978436435
9571,-9.345005885071792
9584,-6.849571432668788
9588,-2.869308826750759
9595,-8.089388994839243
9596,-6.563621049338406
9605,-5.835194795665818
9609,-6.044520654158045
9612,0.4580184981403579
9615,-4.137264874520282
9636,-7.642100256190257
9640,-6.1031882182206
9651,-7.03330168230721
9674,3.9503695254613933
9687,1.0970611713994727
9694,-3.8321548112714194
9697,-3.4363830933566506
9698,-9.25774544804516
9705,-7.880049424825711
9712,-6.631482212287118
9721,-1.722332815212425
9726,-3.4028223148461225
9736,-14.68274583269077
9740,-3.5055390054186253
9744,-11.234338220967185
9748,-5.717853104630126
9753,-8.036267542405644
9757,-3.84082718594299
9758,-1.2240624931406223
9762,-5.124383953601339
9763,-2.4277200119006763
9767,-3.5301613481884093
9778,-5.054382654328187
9782,-0.8390004744140233
9793,0.02114061708120889
9812,-8.435562038577256
9821,-2.391973921995699
9822,-4.1268138246503145
9826,-3.83725306512475
9844,-6.853236049199498
9860,-5.596467720331014
9869,-4.393564374657395
9870,-5.233707255643359
9872,-6.155320710256963
9877,-6.728729048574501
9881,-4.358927001816669
9888,-3.0632758343499065
9890,-7.244382645458788
9892,-8.231552153823625
9897,-7.744765718531029
9900,-1.7599466135442783
9905,-9.492006298520636
9912,-3.9233259726696286
9922,0.6623314975285981
9930,-4.9553297478768465
9942,-7.2881163855405084
9945,-6.1287958829527
9948,-10.305559194228746
9949,-9.448793893232294
9956,-2.812981421452589
9959,-6.829510957390914
9961,-7.062356164976758
9969,-9.64135280270274
9972,-7.893520407636467
9978,-3.851288600120765
9981,-3.181470409147668
9983,-3.857086331583105
10011,-5.681241033233262
10017,-8.868546960954982
10019,-6.064857450174074
10028,-5.100253517184655
10029,-2.4164388456331016
10030,-0.5236202771683122
10035,-6.463959862784609
10046,-3.018442822176983
10047,-5.212001840549388
10049,-6.505006057595306
10053,-5.935843827327286
10058,-2.6658636853934494
10061,-8.098360187906437
10068,-4.850243957201823
10079,-7.480524346536337
10082,-6.270037409454521
10092,-9.07269867720292
10099,-7.042849070899681
10102,-4.853746387211721
10105,-10.693303834411324
10112,-3.146026706748297
10120,0.2143113560999362
10126,-6.093965565017282
10143,-3.0362557590762216
10150,-3.655042591269365
10156,-6.694719623750607
10157,-6.436764693169168
10171,-10.425345004672083
10176,-6.589488071392255
10179,-13.85441118835817
10184,-3.611652675728079
10188,-4.53486465962943
10190,-6.360750470500355
10195,-6.795646151676977
10196,-3.9898618778403407
10200,-4.358832019386661
10207,-6.821011449036519
10213,-2.743531373776282
10220,-8.51425148096216
10226,-9.472820828104904
10228,-5.185143270566186
10234,-4.493666688041648
10239,-1.5852342474421965
10242,-2.1867293500213605
10245,-2.5194006959801367
10247,-3.712026102797127
10255,-0.08965124566488615
10263,-1.7306465183941038
10266,-9.415393853840138
10279,-6.496308950176133
10286,-0.9069581586345288
10287,-9.314485789775999
10292,-10.372765865125697
10293,-7.005593136152841
10294,-7.208487318916038
10306,-3.6256948351788347
10316,-3.761759339400224
10334,-8.552021453233959
10339,-3.847199751904478
10349,-1.064634844354504
10358,-4.588750691787037
10365,-7.732215688021337
10367,-8.803865082291315
10377,-6.314068425881745
10383,-1.4517578770494672
10385,-6.450359282508872
10386,-2.3510014617949633
10387,-8.58604639478909
10399,-6.976637677670138
10401,-5.271983182297074
10413,-2.8073075209399456
10417,-7.185242758739693
10420,-5.13417204336915
10422,-7.256124370484647
10429,-2.7015343885301077
10434,-3.8116248435882105
10445,-9.559401083787096
10446,-8.97580225870654
10454,-8.333631503478943
10466,-10.260073887875409
10477,-6.1041562170574775
10479,-6.57968179215742
10482,-2.6355276507167953
10489,-7.047944937182241
10513,-12.916045105158924
10526,-8.096523159742262
10535,-5.320315425668161
10538,-7.2500714149299235
10540,-0.6576663125613568
10549,-3.069641022300781
10550,-3.351951810524424
10554,-6.039914895727142
10556,-4.277212485533456
10561,-4.142263196603563
10567,-3.6181877127365905
10569,-3.9562471960419066
10578,-5.697468426288595
10581,-3.2120008408215015
10586,-7.496069634500981
10587,-10.09765021820293
10590,-1.174783859655926
10600,-6.850415497073754
10608,-8.349120254038068
10611,-3.7110620317750063
10613,-6.2162996998087845
10615,-6.396119493698416
10634,-3.617418291262423
10636,-3.9724058502377217
10644,-1.6450523003904929
10652,-8.60719238925856
10653,-6.087385859280708
10663,-6.292329786890968
10674,-5.793783051449691
10679,-4.469306544875663
10680,-6.095460076922001
10682,0.8707924341530233
10687,-5.527330468031112
10696,-8.774375916282894
10699,-7.051475794073574
10703,-4.834634441984691
10704,-8.058879780017698
10712,-7.865682965737567
10715,-1.7342244036026058
10719,-8.09370426483412
10722,-6.437077408644946
10732,-5.954801893999429
10738,-3.154199637973025
10745,-6.453703654104593
10754,-6.381289598911414
10755,-2.487130544257563
10759,-6.909783367916917
10770,-4.8033479127679195
10771,-6.488860500540427
10774,-2.2241085369871807
10777,-0.5407648567879955
10792,-4.022189791939264
10801,-2.2826455434539015
10814,-5.429271127214769
10819,-5.425352698686948
10822,-7.866858660440673
10823,-8.4845396789433
10829,-6.737574310299929
10832,-7.274582536985869
10839,-4.904631090334928
10871,-5.972778661035985
10876,-5.438992585513181
10877,-2.7283736619917183
10904,-7.62716005471423
10918,-5.572958018656085
10930,-5.9836625025466965
10931,-7.112318312410197
10932,-11.166081851062145
10954,-4.490737614938277
10956,-6.260672178281656
10959,-2.6290574811330463
10966,-0.92409312554375
10977,-4.734720502900567
10981,-6.994531657835546
10982,1.4822848454767688
10983,-10.465161596875188
10989,-3.8848660638928263
10991,-3.317164601306734
10996,-3.9884104360101804
11004,-3.404198999122158
11017,-9.36306271081044
11027,-6.303896678235396
11034,-9.253025286926864
11040,-0.9480338418452774
11041,-1.9065771833573268
11043,-2.511117207218858
11050,-6.24404951791701
11051,-6.4438942245112605
11065,-5.787818494328995
11069,-6.451126589556467
11079,-11.27782349885786
11090,-9.246836714162566
11101,-4.042123892541748
11102,-6.51995372871497
11104,-8.822211583523375
11110,-5.198159512329827
11112,-5.5869228230901955
11115,-7.316121601978598
11118,-6.025554659952928
11122,-10.182485157152346
11124,-12.030896037250258
11125,-9.839046931796009
11132,-7.362765806904677
11142,-3.774501306654637
11147,-5.8769320282549
11151,-6.237091012069751
11178,-2.839305723002067
11182,-3.26074132525228
11183,-6.184143657690779
11187,-7.90818701192549
11188,-4.946517545082284
11189,-7.3246984566733095
11195,-8.176045272213674
11199,-5.35855855337255
11205,-9.243754438892374
11207,-7.92948543630354
11231,-3.652297725856996
11235,-4.691274586217504
11240,-6.873760935590913
11246,-5.102296447316708
11248,-7.410884895183543
11251,-6.450185330827028
11254,-1.504735911622162
11256,-3.874140433797776
11257,-7.298922983269588
11264,-7.350942402622222
11267,-3.509410361983349
11275,-9.529608360259443
11276,-5.752720843378755
11286,-6.435345102346157
11310,-6.167824323253475
11325,-2.5822609417496727
11327,-7.186653064393358
11330,-5.147414944993526
11341,-5.644988758376384
11349,-3.0714229550613865
11357,-5.216456419635544
11360,-5.218512785352551
11383,-1.368267282857405
11384,-2.716999772007351
11390,-9.007826163271451
11399,-4.21157425366362
11403,-7.588997952117621
11405,-1.7127781276457186
11427,-7.238842385617548
11429,-4.885077742298792
11430,0.07940869983701228
11431,-7.327144398873538
11436,-4.103258062361559
11444,-8.067329131265716
11446,-4.455724538016401
11452,-6.6390183353920795
11454,-4.314007046143432
11471,-2.3333670385747807
11476,-3.41170713098207
11488,-10.936354670059789
11490,-8.102479041202308
11493,-6.560888938272712
11509,-4.587117630145919
11512,-2.988215311329759
11514,-7.744208627523182
11524,-1.8866422052215468
11535,-6.453400115218488
11541,-2.7145081499767
11542,-10.430583992941301
11548,-4.351994494380208
11553,-4.772564278750135
11568,-9.30420963537599
11576,-3.1594636284892985
11581,-3.7851235994346006
11586,-3.7796755035624163
11594,-2.4270144149070423
11595,-6.481182273157468
11611,-12.473523385191855
11616,-5.304379240165885
11618,-5.70052175488956
11619,-6.143814342751295
11624,-5.503957617330043
11627,-6.797999055842281
11629,-2.076237670263977
11632,-4.820853331120409
11644,-4.846628215292223
11650,-2.1017238208512556
11658,-6.995464500092775
11660,-3.0360645159011526
11667,-1.3848080667749993
11688,-4.610959613040457
11692,-5.0910515069964335
11706,-4.997900313339465
11711,-1.64011417209954
11713,-2.5722813181499475
11714,-6.407316845003629
11722,-7.014557578976766
11725,-11.65503716483684
11729,-5.189320856260697
11733,-3.181457238150424
11740,-9.295518424792848
11743,-8.311555095814686
11744,-9.236834467884597
11745,-8.064683406194131
11746,1.1763290904245547
11751,-3.774272944707344
11762,-4.617659562459138
11765,-5.984520283974441
11766,-3.3890193699321753
11767,-2.7880993535699217
11771,-6.379993120643031
11784,-4.988875487395819
11786,-5.253674307568742
11796,-4.426454491676889
11806,-6.734742460059496
11810,-8.61896014238122
11812,-5.981709320546929
11815,-7.195849865575255
11839,-8.750490244091372
11846,-3.2948619823870975
11857,-6.130133418619588
11860,-0.43022697724350106
11862,-4.460029225266839
11866,-8.132382745995658
11875,-2.885083444653355
11877,-6.540529807490883
11881,-6.247333083629387
11902,-4.290872257089125
11903,-4.5085887422845605
11909,0.8745007611439012
11910,-11.313034946820048
11922,-8.053582404815097
11930,-5.369397306754051
11931,-3.9817392130947598
11936,-4.903252396652866
11941,-6.968537934382599
11946,-4.763308325929048
11954,-6.4059357402913815
11956,-7.4241110970237685
11959,-4.879316723381069
11969,-10.396328689135395
11970,-0.44822353281141625
11985,-6.084237680783034
11999,-7.632335745310236
12022,-2.846462112002943
12023,-3.4167017904928634
12024,-3.9815048822472674
12029,-3.7726499897672805
12031,-1.849352409110837
12034,-6.928878018971297
12038,-3.840062726088589
12044,-2.018611942322479
12046,-6.329446580245243
12052,-5.04988675282165
12055,-5.627293679516785
12057,-5.679181526044846
12058,-0.37874889366723213
12061,-3.4566541064100837
12063,-6.31292755928181
12066,-6.753116948092575
12068,-9.434628395548392
12074,-6.6037842870695
12075,-6.662319931939836
12088,0.21363116829399262
12091,-4.162999384954997
12097,-5.461990630358006
12108,-2.496699642246219
12113,-2.256799668890032
12116,-6.11851436600001
12117,-0.9364654949987928
12119,-5.00024320055409
12132,-7.066520520360584
12134,-7.065707281255284
12136,-5.630018223419591
12139,-5.2587909354615165
12148,-3.7890023242764097
12151,-5.058754684673567
12158,-2.810863377190763
12168,-5.649434859172398
12185,-6.5959676805983065
12187,-6.4061239951121065
12192,-5.95675809446164
12204,-4.952722808471392
12208,-2.833442433821235
12221,-5.826912817615611
12227,-5.9128755877468295
12229,-4.281642706852667
12242,-5.009071625973643
12245,-7.398678585138369
12250,-7.25605926408449
12266,-8.162669493789739
12276,-2.191609054547616
12283,-6.837170919246638
12284,-1.8765931371051738
12293,-1.7852229425555375
12310,-3.99093603966234
12315,-4.444556417987094
12340,-6.636755265946125
12341,-4.321119711905342
12355,-8.103671397092322
12359,-9.25077212984031
12366,-3.1926541466392435
12369,-10.351859866705247
12370,-4.165077045602805
12375,-6.885004445429745
12377,-2.427346478745459
12388,-3.4569412929325107
12407,-3.5100639908671742
12411,-7.753880382007622
12416,-3.5443085045748473
12417,-0.8925003446474983
12425,-0.05891178833247204
12431,-6.029940487012965
12436,-3.612831596927161
12443,-9.705156575645582
12458,-4.42123543710694
12468,-5.963923831140715
12474,-3.773942423018056
12490,-4.5662148794581245
12491,-5.289437062159055
12495,-9.446288893385177
12503,-3.0717213887962282
12506,0.9834924044844995
12507,-2.416137612318865
12513,-3.305197616579499
12520,-8.156233107274742
12522,-2.1545824939785523
12525,-4.573608352388965
12534,-6.726525237879627
12539,-3.1385175741839717
12545,-3.6444756939731318
12558,-7.1971490259183835
12566,-3.3350276481400276
12570,-4.017425412438335
12572,-3.002919094077169
12578,-3.4255159370629387
12585,-3.1940001062926004
12586,-2.747866421122399
12587,-2.2677365851394296
12596,-2.1724489422315196
12598,-5.391414927014813
12602,-6.560205900600711
12603,-3.8058289009161963
12620,-5.551047685222694
12621,-6.52872947369989
12627,-8.193298067536636
12628,-7.47884906414809
12629,-9.608400214485911
12645,-7.526005722073037
12651,-2.1348395155377693
12679,-5.870938868673527
12680,-4.25873531976017
12683,-7.057560451054898
12687,-6.743596612073116
12699,-6.167673071357554
12700,-3.8143178560740325
12703,-0.3100902983542546
12714,-5.084287685666979
12724,-3.586887799678754
12726,-4.943929199691985
12739,-5.027453971544009
12743,-7.4127661165927226
12750,-5.770421134908351
12751,-4.031975933558072
12759,-9.343733247505824
12768,-6.060540310907287
12781,-6.237210704528866
12783,-6.532685722208038
12798,-3.2686815919305174
12815,-5.675261338652276
12820,-9.393761281817143
12821,-3.1633119085148
12827,-5.899210862690179
12828,-0.5228444072019868
12848,-3.618567735463474
12850,-1.4823539112195154
12861,-3.1114278534173145
12862,-5.2854408831453314
12867,-2.1231833474717816
12876,-2.540436465642215
12878,-6.612116284668535
12889,-14.061100221066589
12894,-6.810393915678129
12905,-7.051571235115724
12930,-5.409486107560687
12940,-7.871316027013657
12951,1.1338266024396089
12953,-3.4371491132160776
12961,-7.94351916911847
12967,-7.366115816685853
12982,-1.5676813006709973
13001,-3.140007912294859
13003,-5.671410605594226
13005,-2.1311022607930434
13017,-6.517577454979466
13023,-7.396487589216224
13030,-2.9928354801498744
13032,-6.772661518680181
13037,0.67576319533083
13039,-5.755789267384018
13040,-8.669917569110847
13057,-6.475598666463567
13068,-4.6332621111431616
13075,-8.940459121437646
13080,-1.5226119058533043
13082,-3.7422027667347866
13097,-5.833777419286355
13107,-4.503121015161571
13112,-5.926935863792684
13123,-4.715995293122253
13125,-4.853166441812241
13136,-3.4013938756263973
13138,-3.006768712121865
13140,-4.142946264145944
13142,-5.397129151195337
13143,-7.117733480810605
13160,-5.701723585712243
13171,-3.936861002722852
13177,-8.056159391894
13184,-4.851278191500031
13188,-5.957274013033687
13196,-3.264853996722238
13200,-4.403247063105493
13206,-4.183926721474581
13212,-7.735626787158105
13216,-6.355427596364933
13220,-8.928174539391007
13225,-6.832081442883103
13227,-3.1276707646188764
13230,-6.890548093953072
13241,-3.2765042633384236
13252,-9.371438396216435
13254,-7.57700450573524
13259,-6.019590901798674
13264,-0.39942031903614356
13267,-7.206843564384155
13277,-2.1966859471577282
13281,-6.128690076775984
13282,-5.785879708715272
13283,-7.202897905975643
13293,-2.1911930298633586
13295,-6.977375390983288
13300,-2.588939689728482
13327,-4.684140267797975
13329,-12.36644570918956
13346,-5.667526711453012
13359,-4.090254854773125
13368,-4.0473715813407924
13372,-7.157915280609228
13384,-1.4573806268639282
13386,-1.4921915043850253
13387,-5.023253932550369
13393,-6.374362809053614
13396,-3.6018965553039552
13397,-6.1070994632600355
13412,-8.088296974283889
13414,-6.27549119902271
13425,-3.747444760639218
13453,-6.364834896905241
13458,0.1169010470684513
13470,-7.330569127863575
13471,-4.388381263698617
13474,-6.697492364052482
13485,-4.943098789865149
13488,-7.362840647662679
13494,-0.789990496786046
13496,-2.764556154367801
13497,-4.930434374484272
13500,-6.399195717103135
13501,-4.180852778488406
13502,-8.346962054338185
13503,-4.711402046599777
13504,-1.977836322482444
13507,-4.179044025675101
13510,-4.154355607572675
13517,-8.378564900724994
13519,-4.3616839011636745
13525,-8.54159632470531
13533,-6.352713497632964
13539,-2.2992534948126475
13542,-9.36858607209219
13558,-2.6446002141412666
13559,-4.176916041177676
13560,-4.7884350967194536
13566,-1.063227880541653
13568,-5.439798235611896
13581,-7.268437879127876
13584,-4.111580816505883
13589,-4.327245089606938
13590,-11.38932388719749
13607,-7.376246739250959
13623,-3.784216278731788
13626,-7.251081417955022
13627,-2.0244002846748623
13633,-2.3523360385099092
13634,-5.951128346697808
13639,-3.8533754017603106
13640,-3.4791863790434205
13641,-4.632680512314444
13642,-8.491850735317461
13660,-7.412474959853033
13675,-6.747816179940648
13680,-7.054590951104127
13683,-4.460125747609774
13685,-2.956365509899956
13698,0.11364367943838878
13705,-3.7898501520084498
13707,-3.2668778742019375
13711,-7.036753303025569
13714,-1.429180536114342
13726,-2.485342045878034
13732,-6.827195570883745
13735,0.6336195742417534
13741,-7.707975843608533
13744,-10.327979437325375
13746,-6.965922146577137
13765,-8.551545667299006
13776,-5.036073396563627
13787,-6.397140681899217
13791,-11.58031386750119
13793,-3.210183552369731
13796,-5.11871565503726
13802,-6.33130701900205
13814,-2.985628451160455
13818,-6.459627463357956
13819,-10.660364557584991
13821,-2.5034749095409565
13830,-5.70541744358182
13835,-7.1796976420397485
13847,-11.699837703397336
13849,-5.873683490082885
13856,-1.7588360338448215
13860,-0.9976941190102037
13862,-7.824468396878728
13880,-7.817762338838069
13882,-6.313430335991958
13888,-3.5490987084019525
13896,-11.414405947698786
13897,-10.162572593094298
13902,-8.306586317801164
13903,2.704959612262036
13910,-6.822951252581593
13913,-6.755790907481541
13915,-3.5297759625801026
13916,-4.320098418901401
13922,-3.123880359846709
13924,-2.515630527124311
13927,-2.5210814576952973
13931,-8.467666221281933
13935,-6.25977488314593
13939,-8.325416940295845
13940,-3.9710063668670736
13950,-7.328818161024063
13953,-5.5314195020868535
13956,-7.4846536956888405
13969,-6.57702884177602
13993,-7.12134148645512
14000,-12.770839071035146
14002,-6.6559966361213325
14009,-4.960754686751684
14018,-5.552843355827473
14023,-4.389769585620461
14031,-3.5592867377531103
14041,-6.349842196766584
14069,-6.521924435061994
14075,-0.3931267470211566
14083,-5.5933258561018855
14104,-9.333606602162032
14108,-2.723448062803602
14109,-2.8691190910624282
14123,-5.6095323370282255
14129,-3.5422856725479264
14147,-8.76591914942825
14159,-0.7020953691923536
14160,-6.026161386984507
14166,-7.997081089636297
14171,-3.6662244963413015
14173,-6.365506041005218
14177,-4.417952118483318
14182,-9.45958669705159
14184,-4.662511679920729
14193,-6.088139680055749
14197,-8.891680384583422
14202,-7.7989137715326375
14215,-7.1910007883784495
14217,-0.6088415762029011
14224,-7.732136926879402
14230,-4.7547319237130985
14232,-5.432082272425822
14240,-7.549754598298832
14249,-7.732202967752356
14251,-5.286042106455826
14256,-8.594585647589213
14259,-6.215694450901841
14273,-9.120711927923773
14274,-3.231026399822297
14275,-3.477066478931825
14285,0.20709182923066394
14287,-6.6542545073057315
14293,0.8313321565961079
14294,-4.836108459024843
14297,-6.825334538451528
14311,-6.296287686721502
14316,1.9187217852469824
14329,-9.780500958227607
14334,-6.0023789374490155
14346,-4.909970858043793
14347,-4.330993698475304
14348,-4.368070195298083
14360,-9.051477195375226
14362,-5.9299668542465795
14368,-7.485493970340065
14373,-5.780773762908878
14377,-7.03348371473637
14385,-3.873317910018338
14389,-4.924397578014069
14390,-5.233396898976379
14391,-10.025486071961474
14398,-6.705809121479801
14399,-6.7467584716976
14412,-6.519891740131324
14416,-4.975320691132657
14422,-2.0092607971868155
14424,-3.2141111288029274
14428,-9.094304997019892
14431,-4.525034488044712
14433,-4.6927139920334335
14452,-4.498822406577997
14458,-10.872367500816583
14463,-5.102002838936778
14469,1.2217799627658943
14473,-7.050972406085389
14482,-5.04532202323753
14500,-1.4569242965082774
14502,-4.741424404230335
14504,-3.1928859171464032
14505,-3.8487558812434948
14509,-2.811129723925937
14515,-5.582060296212863
14519,0.7702300710849685
14522,-1.9616111622262709
14524,-9.017418232188849
14526,-1.793286859960532
14527,0.9720661306999413
14531,1.1004234156587953
14533,-8.269551939970384
14544,-6.904092088913505
14551,-7.0711524949644105
14555,-0.7155927991780459
14566,-4.768061659563297
14567,-7.797336811418771
14568,-5.038734388792668
14570,-7.09278278596602
14575,-1.7642763869599998
14577,-7.0996261714259665
14578,-9.782172272920587
14582,-10.891405425435172
14589,-7.040306275156209
14593,-7.370801795621318
14600,-6.334123886693174
14601,-5.793043651224978
14603,-4.729301506408137
14609,-10.885119595296336
14611,-4.741053998000679
14613,-3.501414168183552
14621,-5.665958686531986
14628,-4.202249793532109
14629,-6.094732270534215
14630,-2.501059430658736
14634,-6.913766868572505
14663,-5.43082188174602
14665,-2.0288021488841674
14667,-8.159077845667706
14670,-4.252040664084558
14675,-4.39249476347113
14676,-6.405948634271817
14681,-6.858248797350846
14684,-3.453958378686092
14701,-6.708380580944466
14703,-4.84960442275514
14707,-5.2092525576183455
14708,-5.528951255969521
14711,-5.395313167808576
14712,-7.823527771162336
14725,-9.332181036692857
14727,-0.29807382292137496
14740,-0.4016863950441507
14741,-7.2822549111845305
14747,-4.753285194819249
14749,-2.32740416575245
14758,-2.0862584212164172
14764,-5.407951732068206
14769,-2.155820957313371
14772,-2.9276329105841534
14784,-7.508102704078198
14787,-6.188074077425289
14790,-10.282292697527243
14793,-1.3407708122115363
14805,-4.090762058480974
14814,-5.061121210198315
14819,-5.4381253060963815
14822,-3.6573923673977355
14830,-5.176193463950753
14831,-7.145789903981327
14838,-3.5884435181179017
14840,-7.072122081568689
14847,-4.6186889706599095
14849,-4.859905277283462
14858,-3.4405675372746365
14859,-6.961953337208005
14866,-7.040950014343739
14868,-9.726800694432633
14872,-1.4845974600436223
14875,-2.790745776096751
14878,-8.180152410765842
14882,-3.9240177744344424
14901,-4.659579550168537
14903,-5.341598847407712
14911,-1.728412481873527
14912,-5.8708022364546455
14924,-5.96927122921653
14925,-7.8370515199155255
14928,-6.926205824925301
14931,-6.51833281768995
14942,-8.737371408245599
14952,-3.2414674909109156
14959,-3.4850971483302944
14963,-6.128784052285362
14969,-4.394898348209327
14971,-13.974692685862623
14979,-6.388688659367139
14980,-4.451187435946821
14983,0.06680860680425725
14985,-4.06724780424904
14989,-1.982967600140351
14994,-13.939965166614016
15000,-2.000179823877866
15010,-4.83797392506775
15012,-4.381932777263604
15020,-7.951923972379656
15033,-5.538476204459025
15042,-2.6322231023426474
15043,-7.943320899871123
15049,-6.902437455664812
15057,-8.37426958658485
15059,-4.488746024974483
15061,-11.558330795254607
15064,-1.1646348878911206
15065,-8.068098215133272
15068,-7.282418392645522
15070,-7.376162559570042
15079,-9.991749390161967
15086,-3.7477086714696353
15109,-7.801500601742608
15115,-6.647018207805218
15123,-5.938977426288423
15125,-4.353601803810148
15139,-9.360948409567634
15154,-10.053310547111348
15158,-7.991246052193522
15160,-4.6618060523555105
15176,-6.227872293690802
15194,-5.18612624399092
15198,-6.550683340784998
15202,-0.5045164339431659
15209,-4.852284152685214
15222,-9.377485433443352
15226,-7.12997489445878
15231,-6.524539497562743
15238,-6.618252696491962
15242,-3.118000619214506
15243,-4.426639279959415
15245,-1.14656246066003
15246,-6.803371254174341
15248,-8.693456001146542
15249,-4.793040330026803
15258,-2.1177690570462326
15259,-0.055049051700090446
15270,-6.446589807215227
15278,-3.7294407051572107
15284,-3.100021231555176
15317,-8.27237713160712
15324,-5.027167651440239
15326,-9.373935217434799
15327,-6.2549655259021275
15328,-2.834543201485491
15329,-6.89190303805013
15332,-3.160095115339656
15334,-4.202555762636045
15351,-6.66856171407302
15358,-5.610856548302127
15365,-4.313763464794796
15368,-5.015038726784732
15372,-5.977204837443606
15373,-7.674900743944149
15378,-3.859720046074802
15383,-8.472260167525224
15386,-4.3844856187041685
15389,-8.1757453359816
15398,-8.921291297854964
15400,-7.180155292460989
15406,-6.644145021945639
15412,-9.96977457125213
15415,-5.812567589262414
15417,-2.540676405963794
15422,-5.645647740748633
15425,-6.154752453290027
15435,-3.767003334832218
15437,-14.369445142899874
15439,-7.039076810158346
15449,-6.5114935791678406
15476,-4.1333263367001
15487,-3.1333654274223655
15488,-6.4248829656327535
15508,-5.131172492463047
15520,-4.716887878067
15527,-13.20101079532081
15532,-7.654307022703738
15534,-7.16975496710941
15535,-1.889643848842326
15537,-0.4126040662929901
15547,-5.16220947078432
15563,-7.287380292695957
15566,-5.319245747304486
15569,-2.9209135073275037
15576,-4.5101507339174844
15587,-4.17321518532766
15588,-1.3400133488131685
15609,-6.744138510246326
15613,-7.313986685114982
15624,-2.6394315518563056
15638,-5.829483277461341
15641,-6.735802761939177
15645,0.3455060277248343
15650,-10.5941125108193
15652,-2.441408086630438
15666,-3.5446570222673834
15668,-3.081299755756944
15670,-5.3003046513449386
15674,-5.687042340227283
15680,-1.9457723098697168
15685,-4.50707656883859
15697,-2.39016492848997
15701,-6.951652547130382
15705,-4.87135383032831
15716,2.811131802264919
15717,-4.040883166020803
15720,-11.54291639083018
15730,-13.66984503322861
15732,-4.158607754812364
15742,-5.2541051854718965
15752,-4.723921832185161
15768,-3.905915581164893
15773,-4.230663024988099
15774,-5.335566014273365
15784,-9.17280352703717
15791,-9.702997324083741
15793,-7.423921635676241
15794,-10.276025838749554
15796,-6.175595084919983
15798,-4.466124069146708
15803,-7.2157463133561
15816,-6.201809945919595
15817,-3.86136848818034
15822,-3.69571475851256
15833,-4.216050941924319
15838,-8.004129465738707
15839,-8.311676791364725
15842,-3.6423021600350545
15843,-2.920539510188713
15844,-6.657191402060239
15845,-9.526565144973718
15850,-0.3968871925701878
15858,-7.131122963454764
15864,-7.3311676956941145
15867,-2.3388008203217505
15869,-6.6590761996414
15872,-5.796448169982876
15879,-7.956199807165346
15884,-7.178990510332613
15885,-3.683655703507458
15888,-10.521367159027683
15889,-7.8598350625820865
15899,-6.041298727443952
15900,-2.8410512164821085
15903,-6.795597040293238
15909,-3.9219814716593246
15917,-5.848975058719791
15920,-6.892599173603932
15944,-3.835415927306883
15949,-6.895297747805493
15957,-5.596520938769533
15967,-6.890179871816072
16004,-5.651218957279907
16006,-4.251113905187504
16007,-6.416500023045853
16010,-4.999078176390242
16018,-7.115719268847981
16019,-0.9984893730271946
16027,-6.810257981527072
16040,-7.812624687422385
16044,-10.987974081446545
16058,-6.616321516227998
16070,-2.676430253644167
16076,-7.622011034620263
16078,-5.242100380126849
16080,-8.19845144516294
16085,-8.369375320926839
16096,-5.9253350951841774
16098,-6.019418979363314
16104,-1.0916280417926918
16108,-4.611452662577279
16110,-4.195957582825422
16115,-6.146701045672142
16116,-3.5759749644904106
16118,-5.010650249645824
16119,-10.454791052323891
16120,-6.90603524615297
16137,-4.374591718713239
16146,-4.942849666037972
16156,-7.213860881664425
16161,-6.582709399915387
16171,-6.742976288942596
16176,1.7214026014544623
16178,-5.310584127197484
16180,-5.3499440893139765
16191,-5.098818711048733
16204,-2.8639902800533097
16206,-4.828173924942355
16212,-5.788008905853406
16223,-4.002841705466246
16228,-7.083294640037268
16231,-6.469492160764375
16238,-5.9700783020075985
16243,-3.794812933252689
16245,-5.141310850856144
16247,-3.2499064510642697
16253,-2.5374234764175214
16255,-5.322460979239
16256,-9.325100420460197
16259,-8.982894491237948
16265,-4.948961145480687
16270,-9.183486447567434
16277,-6.420389374795896
16278,-6.176724847136347
16284,-8.672153981019852
16294,-5.331507661162989
16299,-2.776082534514363
16306,-5.457300729995797
16312,-1.764997307848675
16321,-4.383662345300269
16323,-5.0769240189049745
16324,-5.483386123577475
16325,-1.4884808658458355
16326,-5.466979253049488
16333,-5.963490313798372
16335,-6.384320392451915
16338,-3.3084451407740403
16340,-2.6069593224415497
16347,-9.70715206541424
16349,-5.688832807947464
16364,-6.269433201559806
16369,-2.661984732857509
16377,-8.153048333268698
16386,-11.6927527422348
16391,-4.510472758371874
16393,3.283078082339976
16395,-5.466982217631081
16402,0.13980756571352584
16435,-2.72709572652623
16443,-6.49134005232728
16449,-5.407476633874291
16450,-4.253568477423355
16460,-12.389796747463151
16464,-6.8862006555555
16484,-5.995763877382948
16487,-6.645053447046495
16501,-8.987147392759196
16504,1.7187460261697913
16510,-9.500007941365489
16514,-2.406406521896624
16522,-1.3620826103677062
16526,-4.203820964360265
16548,-10.916039441341887
16552,-2.86015859528804
16557,-5.680070450702987
16558,-6.2604524575611515
16564,-8.560419658776633
16569,-6.24440475944881
16571,-4.957331229443359
16596,-4.389971143678881
16601,-8.81615471368075
16604,-10.756400399744157
16605,-1.118273631753833
16621,-2.1774247018302404
16625,-2.4705297996662794
16654,-5.931225946183753
16655,-1.517619774301327
16662,-5.6055795631678835
16667,-1.7261762580253879
16669,-6.94829511347776
16682,-5.664302735885901
16687,-7.073790044676304
16700,-10.456787707702878
16704,-7.836028075824865
16707,-5.46194512671977
16709,-10.056543547345266
16715,-4.3433934159931
16725,-4.451273492232426
16746,-6.892155190676405
16753,-4.6664927673472825
16758,-5.552283645055567
16761,-2.2363992352656648
16762,-0.5071693508741226
16766,-4.067850940317082
16783,-7.619239127441439
16787,-3.7989482608035603
16794,-2.8383769347871737
16808,-6.850346201183879
16810,-4.185696381368057
16817,-13.164749552487153
16824,-8.572131663873162
16833,-5.691709855047229
16846,-7.537473313415043
16859,-2.815471442838986
16860,-4.572362610270478
16862,-4.7268569806992815
16865,-3.9880040949407563
16869,-6.383755488737891
16875,-7.190592995149697
16876,-1.4385207327206537
16880,-5.403251002068067
16881,-3.4559236699407028
16884,-3.1485158672666533
16889,-4.45020642641485
16893,-2.2572408847994927
16894,-6.795738437711752
16897,-6.653271784310484
16901,-6.877135720761007
16910,-4.280855272337383
16913,-6.080885533413936
16914,-6.500304402541653
16924,-6.472217372240211
16927,-4.366325085095459
16936,-6.173500287090974
16951,-4.414285700117174
16959,-4.720537007843858
16969,-6.72178578026188
16971,-3.0591570402848087
16974,-6.41647812465669
16975,1.0409494734520868
16978,-10.593428439609761
16979,-5.604486794462502
16983,-5.370813928986659
16984,-8.91318797981437
16993,-1.2226420020296667
17003,-5.369931289825796
17005,-4.335329778824767
17007,-5.8990917336495725
17012,-3.127576251510651
17013,-7.3455005249961385
17016,-7.260258684347129
17019,-6.145239583505988
17036,-3.6617644783054466
17038,-6.965843595422472
17054,-6.1926272964596025
17061,-4.5049411199588985
17062,-6.462410938853695
17063,-7.1952183540826065
17067,-3.8842688688884066
17075,-7.0240851514238365
17086,-0.917018394745305
17088,-2.4743757281465206
17094,-7.147728215197852
17097,-1.3506372522698031
17120,-4.199742120604903
17122,-2.88513665400299
17130,-7.8876396721901765
17141,-6.75205000627394
17148,-3.952988058936209
17151,-6.643956473221029
17156,-7.147780382410096
17171,-5.001802482566025
17195,-7.963750038795007
17205,-8.367323963428218
17210,-3.553082145372088
17211,-2.749198281231316
17212,-6.339881293337034
17225,-4.991806731045152
17231,-1.7349849361774747
17245,-0.9244523004244714
17246,-2.756639275665654
17251,-1.8530865111763828
17252,-1.3550570951966303
17260,-7.268522375485394
17268,-7.2583600868069
17269,-6.404738938846644
17272,-4.202219423202631
17276,-9.146276834522768
17281,-4.805118311064327
17287,-7.261136799966369
17288,-3.145854838229438
17295,-10.0529137671239
17301,-11.310858419425657
17302,-5.420053731905131
17307,-8.14864619601205
17308,-7.489282170876725
17314,-9.92292483966307
17315,-4.183029429288751
17319,-8.305224016345916
17321,-8.07540154945369
17322,-7.650598455060716
17326,-3.5850568664543294
17334,-9.71948061535794
17341,-5.382686070769116
17353,-7.491959479192541
17372,-6.713154400025758
17373,-6.087352579023022
17375,-5.451406980962921
17380,-4.150584107711774
17381,-6.866361797724428
17384,1.1141127554343788
17388,-6.873760935590913
17406,1.4733963586960928
17410,-9.466214993695392
17448,-5.2168362718817365
17457,-6.180840921695644
17459,-0.7241370015334293
17463,-1.8276463826223592
17464,-5.618932739407675
17472,-2.8160019815941255
17477,-1.785119470843833
17479,-7.106800370618117
17484,-3.4478436317794277
17491,-4.502465991032413
17493,-9.108555107219408
17494,-5.756291895358025
17498,-4.977536616363834
17506,-3.937103594125316
17510,-6.593309100320068
17517,-5.640736702481948
17522,-3.2782712107354035
17537,-7.869232849714682
17541,-7.039160321387013
17543,-7.924411984335175
17544,-5.394550403335254
17545,-2.6359694080485374
17547,-0.8317533524548752
17549,-5.666695527575466
17551,-8.544940662478188
17553,-5.576283989827119
17559,-2.6468653344415
17571,-3.381027676186672
17572,0.9311434739335296
17573,-7.6282966973432345
17580,-7.868577983510046
17582,-7.110921666751357
17586,-1.4965500364196096
17588,-9.106888942492835
17601,-7.499280853370234
17609,-0.7702047093353337
17617,-1.0440004418965658
17627,-2.6136846925603847
17634,-8.303794320755765
17648,-6.432885301027017
17654,-6.52319779420975
17655,-5.400936129551682
17659,-2.937621963141461
17662,-4.655681549500292
17674,-7.578015480730915
17691,-5.076977860478322
17697,-4.955752363615986
17707,-6.262678619741709
17711,-7.448011507291088
17714,-4.716226258803443
17721,-8.79413293898299
17726,-12.024801878224226
17746,-3.244383162406998
17755,-8.073374226705303
17756,-6.642645516847845
17757,-3.837361714054543
17759,-5.515789369231168
17764,-1.7819528156054127
17769,-7.829617563164525
17778,-6.83013857203996
17784,-3.267870783991299
17792,-9.623334941708007
17796,-5.8909946856259365
17798,-5.412975143906801
17799,-4.797733439455032
17807,-4.248018525412561
17812,-3.6150467925704364
17826,-2.1335448301534505
17832,-3.131656987846135
17837,-6.6855036890871045
17840,-6.288691735714509
17847,-2.0056552323422885
17849,-7.997023138662986
17851,-9.824427961538936
17863,1.080080081180354
17875,-4.839578670734997
17877,-5.170197312453644
17885,-3.2276271795372646
17886,-1.9021421388174116
17893,-13.009329436751198
17894,-1.974077879627661
17900,-4.242116551296311
17908,-3.097715002041013
17909,-5.311783454312969
17923,-10.85586897653244
17924,-10.632287672468948
17925,-5.549526083381034
17940,1.1892487274871657
17947,-8.852809335540012
17960,-5.403042213718707
17967,-9.277193022363786
17969,-7.3360652161937745
17973,-1.8564017545939753
17977,-6.684832103254445
17993,-11.266418139670604
17995,-7.5054954529513545
17998,-3.91397151712581
17999,-4.672309469761564
18009,-7.562281655391365
18010,-8.73342588025009
18015,-2.764380719764847
18021,-6.128907376731893
18027,-3.066416763997074
18028,-5.109222813266991
18029,-4.148977367431441
18034,-7.858013210599808
18035,-5.5232760770689655
18038,-5.2185481296487115
18042,-7.208049143759796
18044,-2.2931857056675518
18045,-7.401686300789791
18048,-4.96652910600024
18053,-4.68738829592814
18064,-6.56037312154083
18066,-1.1051757473566262
18073,-2.0434669827158998
18075,-3.965845797453278
18080,-5.244545109740821
18085,-7.086956470442031
18089,-7.945290659146182
18104,-3.827841333163318
18105,-6.76343003440071
18111,-4.3462004770677165
18114,-4.285227479504672
18134,-8.518193777920525
18137,-7.784104029793018
18149,-2.821618091325118
18151,-5.005438743187954
18170,-1.4819392138517327
18174,-7.482278985321086
18186,-6.326125901166611
18187,-3.791716146670915
18192,-8.855270020376903
18195,-3.9860902890005785
18205,-5.177337105683819
18207,-7.815597517491633
18213,-9.832126834295087
18215,-6.28168540366617
18221,-8.318191945977487
18233,-5.699308234570494
18235,-3.005325080014826
18238,-6.7179040307379765
18241,-3.7569068080952843
18261,-5.503357716069991
18270,-8.001198783190272
18287,-12.795421171746591
18295,-6.471785457822889
18296,-6.7435348750294954
18301,-1.7603131537514074
18307,-1.0706349608020918
18308,-5.4599312181466635
18310,-1.7704218902325946
18311,-6.904943690695898
18322,-4.732050579731011
18323,-4.36656271686511
18328,-8.133819304838662
18333,-6.971936804318018
18335,-4.4697289118028625
18348,-3.688278499552611
18358,-4.117435420877733
18367,-2.7600409036277482
18375,-3.76775191953448
18380,-3.8507424589813533
18388,-10.101446952683926
18392,-8.878890950374123
18401,-0.9458337935983551
18403,-4.177836174268955
18406,-5.058287084255055
18411,-6.5073014073935
18413,-7.736251880433727
18416,-8.497956075409018
18420,-6.486977558975056
18423,-6.661354885912747
18425,-5.599755688206319
18438,-8.451061620864543
18441,-2.0336447425815476
18444,-8.641303312856614
18446,-7.686136082022271
18447,-6.180122453497858
18453,-7.737904738485651
18468,-4.023926872013811
18477,-8.662493123852128
18483,-1.2861758715254306
18487,-2.693895395245729
18489,1.4360552491520013
18508,-3.788298389311807
18512,-7.3620696877881295
18517,-0.9228011342226207
18526,-6.651467604351899
18527,-5.966614345737176
18537,-5.631178025227354
18547,-9.912820927740217
18548,-5.810394794135792
18558,-7.425112262635543
18562,-13.019964636526526
18568,-2.5808191580408724
18585,-3.0417207151632843
18590,-4.532909877727336
18596,-2.894117242299761
18598,-7.023329350934459
18607,-4.634337973107315
18621,-2.820840915531987
18628,-6.477656346673858
18635,-7.196566360614049
18637,-3.131338792834696
18641,-7.148463091975214
18643,-4.364645500425014
18669,-3.65188660539324
18675,-3.6500611607531934
18678,-6.851965373707758
18679,-5.32298071850132
18685,-3.9115205427545603
18698,-5.827119442761697
18708,-5.24689307063112
18716,-0.6711106091165246
18718,-5.402632126444844
18719,-6.663620421087465
18723,-3.4826180096922523
18727,-5.574842179051521
18738,-1.2817539345138187
18749,-5.127643770946502
18751,-1.9883361841910314
18752,-11.144250785296135
18759,-5.125180612377817
18771,-3.237425515652803
18786,-6.930680416895713
18787,-3.484848419386926
18790,-1.1517954962746344
18808,-7.902410131853136
18812,-7.494370906213551
18817,-6.343872619092092
18823,-4.332913616366966
18833,-5.434895754202941
18843,-6.796873149709488
18855,-4.448289320868832
18868,-1.9121954165862372
18869,-6.949527425073001
18876,-4.4275042284192265
18882,-4.162962246929018
18887,-0.9490003799301857
18890,-7.746135246924751
18894,-5.895156483244724
18895,-4.412632572308769
18897,-4.232755600791271
18898,-9.330152685910427
18911,-5.117382782010181
18921,-10.38308665116685
18928,-8.384355976571651
18929,-4.798648872691123
18932,-7.415667352665434
18937,-3.5040331816229036
18940,-4.7007376532324665
18948,-7.355000406932807
18968,-8.193596644478886
18977,-7.426564315530889
18996,-3.1910618596042433
19000,-7.047454698241597
19002,-3.78540890998264
19006,-3.998807790511282
19014,-1.232048223236974
19024,-5.51218048094631
19025,-7.409211751420256
19027,-4.021513218590332
19033,0.40932719650976584
19056,-5.006732964732641
19060,-7.395786715517343
19062,-9.604098626162878
19068,-4.942763134946305
19069,-1.9740962011002707
19071,-3.6798637360841773
19072,-4.229653739194176
19082,-9.657244499088433
19087,-8.125480350036435
19090,-3.9659615159385027
19103,-8.705483649925286
19105,-6.463133120609864
19108,-12.716053021872034
19111,-7.811535542539063
19112,-4.932807792637033
19122,-7.301582751436213
19133,-12.614316831998249
19138,-7.254873734324084
19153,-2.089174787452812
19158,-6.97067960658321
19160,-1.8730650370762416
19181,-9.827275928944198
19189,-3.5870917968566665
19190,-3.480042343631004
19191,2.5857408940233566
19200,-7.5508705220697445
19201,-4.568516470456076
19218,-6.662461960900992
19222,-5.9314615864444065
19227,-3.856854790691407
19230,-4.3895565041286675
19231,-2.5057941343049777
19244,-1.8724016674946429
19275,-5.257763870789253
19285,-4.700706003013712
19287,-5.892404963926947
19293,-0.6497381172576736
19294,-3.018193425799959
19307,-2.8078644001127175
19309,-7.116180221811507
19311,-10.070903751797553
19317,-6.8588047042308515
19329,-1.0325590849769755
19335,-8.118711763166843
19339,0.3000088241144802
19340,-4.212363437416706
19348,-6.388917779179927
19353,-2.4043599809353284
19357,-2.765946780689147
19373,-6.784219346485636
19377,-9.668283529396259
19381,-4.222818745375334
19393,-3.7630874461470905
19396,-7.624791766812869
19406,-8.178513349586657
19414,-4.0027831652474
19419,-6.32426937612715
19423,-7.963039595459801
19426,-10.46788816018727
19428,-0.43157894549955345
19432,-7.036074808261628
19434,-4.8830900722717265
19435,-8.532855369440728
19439,-4.480632915730923
19444,-6.781948815916608
19451,-7.00568530785605
19473,-7.295630400749965
19486,-3.680640480823202
19490,-5.836835780413022
19496,-3.596495751279787
19498,-5.740204691202706
19500,-5.732437454428289
19502,-6.945818257673805
19503,-1.7850451972938015
19505,-1.8535056354115056
19507,-1.3118077349260444
19512,-8.355771631021563
19519,-3.328460356662977
19520,-9.91811551554719
19522,-0.37166974423174487
19526,-8.625997390052131
19531,-9.380134777406118
19548,-7.711190346399269
19555,-4.496502211645966
19560,-3.4868879360303104
19561,-5.505979004587898
19575,-9.908606299530462
19576,-10.704188170472024
19590,-4.945808343186199
19601,-6.019054930141065
19602,-6.885004445429745
19613,-5.815754602438231
19631,-2.109974293492444
19636,-5.950832472199197
19642,-9.654254688100846
19644,-3.4260577167285584
19667,-4.5339264106762815
19671,-5.193387096673316
19682,-4.312892392582931
19687,-5.059757227073943
19705,-6.78729032708169
19714,-6.215669444302206
19715,-7.052866049636264
19720,-9.184141725489699
19721,-6.23241120408237
19724,-5.461017136482632
19729,0.8115963471150714
19737,-5.347203464186287
19750,-6.08983305150438
19755,-4.470853321310394
19767,-9.309533485156637
19770,-8.943397798291365
19780,0.42323053842122443
19788,-4.97696545750343
19792,-7.454767796100684
19793,-5.345771652559719
19795,-5.239898967875284
19805,-6.817460357374233
19807,-5.208883480811151
19812,-4.756226716303576
19814,-9.001068800017157
19821,-1.8541319529365836
19835,-1.973005257478605
19844,-6.729333410413098
19847,-3.7070403246988968
19850,0.6350479573137602
19851,-10.456600407328379
19855,-2.635757868274484
19872,-0.11438868243350975
19873,-7.547706370490137
19874,-5.836835780413022
19876,-4.543369055272179
19879,-8.369907980564204
19885,-3.9355872831552405
19886,-6.495759915619286
19892,-0.7595484898127763
19894,-1.6333779334715834
19900,-3.908420609330297
19909,-7.905337459409238
19915,-4.024038739313678
19918,-5.361130096685356
19922,-0.6640391222586376
19939,-6.019159569805244
19954,-4.217944738307379
19965,-5.467156056089365
19980,-7.4255632318019655
19984,-4.517412587678859
19987,-4.129920568226071
20001,-2.8189685381592775
20006,-2.791803146815985
20009,-9.052879331146285
20011,-13.150934668711269
20024,1.150833551355947
20029,-3.382166572933782
20031,-10.056729688140075
20066,-8.998931376955374
20072,-2.652556766245482
20084,-3.7050386261729362
20090,-7.402882461986928
20097,-5.868947938512337
20100,-6.1074394601605
20111,-4.201797794122939
20114,-6.7153643669502285
20118,-5.263484677521715
20126,-7.863828900806336
20130,-3.722695661459132
20131,-4.462948828658737
20137,-6.557415759560431
20140,-5.551791455032804
20145,-1.6336419433891114
20148,-7.435123786158367
20152,0.032416989445157376
20153,-3.6546111654918048
20159,-5.438097534239133
20176,-4.830384451473398
20181,-6.797984104958474
20186,-5.69295242579278
20193,-3.3541245648404363
20198,1.846434783500018
20204,-6.064255377171112
20205,-3.1495663473296815
20210,-5.901981155561392
20211,-6.862926970234465
20223,-5.3906381317206735
20229,-6.041298727443952
20231,-2.7141734740475836
20232,-6.651899778013671
20243,-10.067777765397988
20244,-4.590856334832171
20266,-9.226774177886684
20267,-2.466319607214458
20268,-7.630975214534896
20280,-7.52031617602865
20283,-6.132380366165896
20287,-4.9311383408985145
20290,-5.950121296952142
20293,0.22701356222012076
20296,-7.682014552347753
20302,-8.471497256461321
20308,-5.386728309317375
20316,-2.9363315049937104
20318,-11.111046440362065
20334,-5.455618055143999
20351,-5.421857229834105
20357,-7.104823196200776
20360,-5.899456925312008
20364,-2.3186188985412106
20369,-1.8085087758074236
20375,-8.261488358834637
20396,-1.1255722858294663
20397,-4.715023102488419
20412,-1.7673307563800302
20414,-7.677160637892034
20416,-4.368949194894788
20439,-6.684481689263521
20442,-6.502567877947129
20448,-7.323142544685845
20466,-6.516523735354296
20483,-6.45926467097517
20485,-4.013812699734511
20490,-1.0640328621080186
20491,-6.2384377630060515
20493,-7.225237248425422
20520,-7.24326644072083
20526,-4.883608249542426
20544,-7.129492519634807
20545,-2.883649280915547
20550,-6.832101402511608
20558,-8.42055993183596
20574,0.4865159259163679
20581,-6.685641254241698
20584,-2.279622990585229
20597,-3.8670488715985187
20600,-10.823170884039058
20601,-8.605461349358817
20602,-6.550051307581225
20603,-7.662222492078706
20609,-4.758345698491935
20619,-5.441773918849159
20621,-9.909533732696278
20628,-6.795772373330216
20632,-5.794266537057856
20635,-8.095711988967865
20640,-5.018274160873657
20650,-7.805206619682445
20652,-2.150605229877824
20656,-2.4530850556457393
20663,-4.008599166178771
20666,-2.524860151003533
20681,-5.853334196387039
20682,-8.277455233195422
20684,-1.7505954540202395
20688,-4.9382616807145165
20696,-9.806309081183409
20697,-7.088198707483536
20707,-3.308515636499224
20712,-10.517353702938312
20715,-1.648385101505396
20735,-9.245038013868358
20749,-6.371627134873833
20752,-6.016788273143342
20757,-8.76698089867571
20763,-7.043153183573372
20786,-6.357805821377728
20790,-4.388670761357008
20791,-7.827914142077765
20804,-8.636998151684677
20806,-4.0099225298244
20818,-7.371284668880033
20821,-4.7283410715353105
20828,-2.9641980520426303
20831,0.13418941523730038
20835,-4.525022965723432
20838,-1.103293421298534
20839,-5.430316987394167
20840,-3.8206984289576176
20841,-3.314104539146166
20842,-5.463660202929546
20880,-4.996750478890538
20881,-6.225831176272464
20889,0.09616894465069036
20910,0.35030852749602887
20921,-5.119916586938608
20923,-7.886500868564418
20938,-4.888920655704002
20951,-12.330678290217433
20967,-1.3776918728387566
20974,-9.939991842840861
20987,-10.78771801598668
20989,-5.51430216353077
20993,-7.139529443616526
21009,-5.775594706109436
21026,-6.0093747126088
21033,-7.529562366203967
21044,-5.273317112334702
21049,-6.990437439167395
21051,-1.9512569775165152
21052,-3.5708558397994614
21059,-5.5735065510077115
21065,-9.392116557679248
21079,-7.235847729286088
21081,-8.762478110939474
21084,-4.175781567608986
21085,-0.3643648217185287
21093,-8.709490004260772
21103,-5.367992983125992
21116,-4.496698515035139
21121,-3.9120308711618326
21125,-4.289561254081768
21127,-8.63499030257508
21131,-4.069673471655355
21161,-1.3751103506327065
21171,-2.300481143601258
21201,-9.130545771682057
21203,-7.101563931182523
21208,-7.5819093515627705
21213,-6.9200064446638
21237,-1.3641370686223273
21240,-5.3165765504300735
21271,-7.953019207317762
21277,-4.468775123767597
21281,-6.18086912753588
21283,-7.755789428804516
21285,-4.059133125001786
21289,-5.478399432884663
21291,-12.120694500821562
21305,-5.050268920445024
21306,-0.18382866874699502
21307,-4.819223401070339
21308,-3.8888886337648274
21312,-9.910793962418227
21313,-6.726366139140216
21317,-7.278628177563322
21322,-6.0655737460739605
21333,-6.928702169008018
21356,-8.75246951055096
21357,-4.431132989798501
21360,-3.90258094391823
21374,-5.390475264851019
21375,-3.129385964565728
21385,-3.0412463724634717
21394,-7.41518906902235
21395,-8.83611073872926
21399,-4.74668744797678
21406,-9.182869044667463
21413,-6.572206059985828
21426,-6.747345685376022
21428,-2.6186017109551085
21438,-5.715245373037341
21440,-8.006597475810006
21443,-7.815718423127779
21447,-5.596196720937269
21450,-3.8404167796039945
21453,-4.19183583614283
21454,-4.571305648916864
21457,-0.3002729372718247
21460,-8.088680345081634
21478,-10.632729491733587
21481,-6.108630155072984
21483,-2.5464936913544425
21495,-6.690765606488958
21512,-4.570140005380176
21525,-8.628971218620316
21538,-6.447176060673927
21541,-4.232846357358468
21543,-6.455747945714311
21553,-2.575127846819233
21555,-6.694336639427766
21560,-5.649204941136291
21562,-3.7848326512005492
21564,-6.715049712669167
21568,-4.661303712983422
21578,-8.233308750124053
21582,-7.942263695347503
21583,-5.610160062524083
21597,-11.481014994272552
21606,-6.169567526476217
21614,-9.345797929837232
21630,-6.870992380578101
21651,-4.472899281649225
21655,-3.478653390120554
21663,-3.224096376274403
21668,-8.480040349819197
21681,-8.741891147916064
21682,-3.8222503035772872
21684,-7.331906244234181
21689,-4.9481834922856995
21693,-7.2859489177172945
21701,-6.22180346678971
21704,-1.3930773709796624
21710,-7.553957994164707
21716,-1.5814712518207172
21731,-3.4012983101613634
21737,-9.09833554537679
21741,-8.93505339183922
21745,-8.32818692129279
21755,-5.0767998938426615
21772,-2.303994090784216
21774,-3.6856065160348486
21791,-8.723237868777789
21798,-6.2011489979342675
21820,-10.222547081231516
21822,-1.8149275330496875
21826,-5.088670012008416
21834,-5.632960310150142
21838,-3.9678142762550066
21841,-3.6243312593537436
21847,-6.990596703501446
21848,-3.496633542783963
21856,-6.971747283864026
21860,-6.107621026761047
21871,-0.9671051240895419
21873,-1.7422247679619847
21874,-5.419351457735627
21880,-2.337803420427702
21900,-6.598258926834362
21910,-6.7554097016920265
21911,-6.705555643422028
21923,-5.511613040738433
21931,-4.805808269029876
21933,-3.972388412009676
21937,-1.0868912619415585
21941,-5.569142759028461
21943,-4.454623455823071
21949,-4.021972403941277
21955,-1.6920829327873996
21966,-6.243911366311664
21967,-1.5752307607472458
21970,-6.929466371191714
21977,-10.208404711735572
21979,-7.950199049123613
21992,-6.4478518862159016
22018,-7.131225365427217
22031,-6.274019998071121
22032,-6.35747170030363
22038,-8.413311114292744
22048,-9.33043332589839
22053,-5.665488354391322
22066,-5.898645589112112
22071,-7.551877560849203
22078,-2.7189748466359838
22082,-8.712461826258108
22092,-3.374350214932671
22093,-5.925064583125615
22097,-6.9330365914881344
22098,-10.448298083243012
22102,-2.9621218786675727
22105,-7.406844296937715
22126,-8.538934451927531
22137,-11.458576124364356
22139,-6.5286763922256315
22140,-5.56733464186134
22158,-0.4829598633177561
22169,-6.338482248864526
22173,-10.282358321943388
22184,-4.444531992389229
22188,-6.4957888291532315
22204,-1.9406275732548615
22211,-7.505742598021209
22214,-2.474823683379023
22217,-6.759882631901625
22240,1.380905799335887
22241,0.6047431902632413
22244,-7.598646544005005
22249,-5.804304430773891
22261,-7.807723338993799
22267,-3.9601587295136547
22268,-3.398572309310216
22269,-4.8705334930078745
22275,-6.418299049002042
22277,-3.3260544684052515
22278,-5.618325416415453
22284,-2.621784132812398
22289,-7.23522126464522
22315,-8.280568497734677
22319,-8.025577370804218
22324,-2.67581711749731
22340,-4.78293791940077
22345,-4.151457914574996
22348,-4.263963549198478
22355,-9.344264860041587
22356,-1.8071503957290245
22359,-1.1471801209559056
22360,-8.314024781102795
22362,-5.89468309434938
22365,-5.3861182798568175
22366,-1.474425877930124
22378,-0.38325819590263865
22386,-7.638974623536013
22394,-6.723129190254444
22397,-7.196544677085564
22408,-2.2729387376663404
22413,-8.984095045028877
22416,-7.584874573818377
22421,-5.66395627450078
22422,-7.693729036873426
22425,-2.9054466593505146
22429,-6.580501654879892
22433,-5.712157325058632
22434,-4.123219293709133
22438,-8.768770454379007
22444,-10.280010521872699
22445,-6.1206640674438715
22455,-6.870994585522146
22458,-4.031549772883105
22464,-4.454429818282092
22468,-8.804966196556459
22474,-6.395728660078844
22479,-1.8190780762160779
22482,-7.845240694488026
22486,-7.396019163754346
22488,-8.29439897036668
22489,-3.085180460555964
22505,-7.535160320984738
22526,-5.244940661703502
22529,-5.3008585860309125
22533,-1.9485019101500292
22536,-3.142322367163799
22541,-2.3961026598553077
22542,-6.988222387474226
22549,-1.557735728056684
22552,-1.6187226436139506
22564,-4.77753348069863
22565,-9.332181036692857
22569,-8.729596707539894
22601,-6.851659781209859
22605,-3.8591424469190976
22608,-0.715126631537928
22626,-6.84414879816721
22640,-4.679154399357637
22642,-2.6127607938830457
22644,-6.189341619110661
22647,-7.739770472589192
22650,-3.7583042181337087
22651,-5.830761606607344
22655,-10.987305720784494
22662,-7.038850410969405
22666,-4.16950175991719
22669,-8.226838696576472
22672,-7.227985263182675
22675,-12.227049299045012
22679,-9.50824884855758
22686,1.334530301064062
22694,-9.662667884919935
22696,-3.4227253067743915
22706,-2.1146356406542193
22711,-7.391519036459709
22715,-8.90949200873549
22721,-7.946936803639743
22738,-8.216057830948001
22740,-2.8063560281189135
22748,-4.872919027683323
22756,-8.038724171988726
22762,-4.34559305481441
22768,-8.65400655086119
22769,-6.71480189542945
22770,-5.967146202093001
22772,-5.62830602405362
22786,-4.673299471029971
22793,-7.7160380792675864
22801,-6.201255788928837
22802,-2.8357576523877412
22806,-2.96622080681945
22808,-2.2702679876424448
22810,-7.249535510048206
22817,-5.423735179724057
22818,-6.794233017775287
22824,-5.011658169763537
22827,-5.036458769056383
22837,-7.610538923079254
22848,-8.832010953949442
22853,-5.954007512212335
22856,-7.051467119995727
22866,-6.364881148001303
22867,-5.692527612832936
22869,-2.3099937080897437
22871,-5.150812745700846
22874,-2.9448622288626374
22876,-12.03953904257718
22882,-5.120564691968059
22889,-5.364571771904675
22901,-5.560976316928952
22912,-5.7013498436572165
22913,-2.2332567179807605
22916,-4.290252443883756
22919,-4.063186943391595
22926,-4.153230834281242
22942,-8.215528554851108
22953,-6.134343006144262
22956,-4.141765451295559
22971,-10.184625817426443
22974,-7.820707314514792
22979,-7.506633325835652
22982,-4.179044025675101
22985,-5.4573885197682515
22992,-6.831993633281455
23010,-4.0830148895381315
23015,-7.080747375546076
23018,-4.650023215597248
23026,-2.1086185675676434
23030,-5.528770446821241
23034,-8.38300733646778
23049,-5.014331543891511
23055,0.1365515544376964
23058,-6.470966972688991
23065,-5.606779438022156
23085,-0.39878349310516703
23090,-6.235557999547182
23094,-6.915633527265275
23099,-10.983900906022305
23104,-5.140190265042958
23111,-8.62266305032318
23114,-4.8668147595693085
23130,-4.73191063697198
23133,-7.375588073768042
23138,-1.3541316563460168
23144,-5.5328280641675445
23153,-5.0341771887311335
23155,-5.678391419075523
23160,-7.0855338291462004
23161,-6.535142538017448
23163,-10.5272495514258
23173,-6.503644090332054
23178,-1.8550187658636104
23184,-5.25171746667524
23187,-6.240327012717692
23198,-6.7238198065807
23205,-5.454599094357158
23213,-6.23282534860975
23217,-5.875540959981837
23235,-3.4359609623023126
23240,-10.236954625104561
23242,-7.471864373402831
23245,-4.866005862287006
23246,-11.54214461579139
23247,-7.69980096372198
23248,-7.543278896760515
23252,-7.2937933315982955
23262,-0.33384686508214995
23265,-5.19988858707097
23266,-7.94443322864053
23272,-12.45585328192332
23288,-3.0381144411817638
23295,-2.83727511033548
23314,-3.800048074458979
23316,-5.292121176755107
23331,-7.953019207317762
23338,-5.3931647158297285
23352,-4.5361128695859945
23366,-5.843031621113833
23379,-7.709940724665989
23390,-7.9827381536431865
23394,-11.158735413593597
23400,-5.772339160221633
23405,-9.037681424998556
23418,-5.910435353216464
23419,-8.292277805527364
23422,-5.431316640103223
23425,-5.987866585957283
23428,-3.8631572915714916
23434,-7.179544757242699
23457,-3.8223370605541245
23471,-4.156965215039255
23478,-10.760581291975978
23483,-6.397921643287112
23484,-2.795423926448732
23493,-8.818468998969259
23508,-3.1940823315869613
23511,-3.863183398054415
23518,-7.080988067799975
23521,-7.075263307583613
23526,-7.073098269052514
23528,-4.943445769772305
23534,-1.8575220896946565
23553,-1.7175331127465985
23557,-5.819440457489095
23559,-5.61962785170051
23576,-6.319790921097514
23583,-6.6327487161923635
23584,-4.396736293100459
23593,-8.364281282326052
23603,-7.153244214232466
23613,-9.28139833348345
23622,-10.754408973455735
23627,-6.3769935745456605
23632,-4.481764552687051
23640,-8.1895130166672
23643,-6.461958552148368
23646,-5.288992405478194
23650,-4.578757270991804
23653,-6.697147889720302
23663,-4.889501699449368
23673,-6.872756849190591
23675,-8.66280158788958
23686,-10.044031120199566
23688,-5.306723242023914
23699,-5.183050783297999
23702,-5.4284739252292935
23706,-2.674680276308798
23714,-5.239349249056404
23724,-5.287257277266052
23734,-5.8538284972788714
23737,-7.24975744111251
23738,-3.4814092252353417
23741,-1.0700676418945647
23775,-3.315011249919114
23779,-4.964224447205209
23789,-1.8521221356533373
23796,-4.845726563457758
23800,-8.332491262041437
23806,-1.488765514389042
23817,-5.935926671368174
23819,-4.75728119528669
23828,-6.449798393341341
23838,-6.488298628607905
23840,-2.7182473954460598
23845,-7.273995585283016
23862,-2.09753851455133
23863,-1.74839719337374
23864,-4.328229625490059
23869,-4.220589885156794
23873,-1.1400578909175485
23881,-8.987420773926353
23887,-3.11946243251041
23888,-2.3008142408135006
23896,-4.423101521243015
23899,-6.669393712517605
23901,-9.962628903071593
23920,-3.8310609541392537
23922,-4.2680178824159904
23961,-5.955725378645384
23968,-4.189303694348559
23983,-2.5938900155520295
23988,-3.25315364996945
23990,-4.903261853763451
23992,-10.965316033045005
23995,-5.6086095766490836
23996,-10.192324289288607
23999,-9.233364399762191
24006,-3.056646565887201
24007,-3.319712616628847
24018,-7.165884817022278
24029,-2.182973379958256
24033,-8.446353706315941
24035,-6.962524180716992
24038,-5.963424435600748
24046,-7.80781846975615
24073,-6.164309247562491
24075,-5.025477192595062
24077,-6.0524777204171585
24081,-4.167063784307805
24088,-8.565494955271776
24089,-0.19852206403048497
24105,-10.628320297838195
24106,-5.99888183276584
24108,-9.25138699205804
24109,-7.2183838595866625
24113,-4.924631375923413
24132,-8.116569897846745
24144,-6.560420083876827
24155,-5.846803596926706
24160,-10.817029041675719
24161,-3.7272203606703687
24171,-7.515098837421665
24173,-5.380423322197907
24175,-2.0043448592096764
24179,-10.579677761094617
24188,-7.266183570400786
24190,-6.6408636634301415
24191,-1.828493705785228
24217,-0.1422851643242466
24218,-2.433634194200817
24221,-3.102798775562773
24233,-6.576842817921573
24241,-6.277579143207481
24242,-2.594833706200104
24244,-3.7885501551879766
24245,-7.281046332461802
24248,-9.001626593287318
24254,-10.289144211238087
24259,-6.720919122631905
24274,-8.74498677248511
24282,-10.277307004943125
24284,-6.64313850771005
24285,-3.890326493915878
24287,-7.134836454114077
24289,-2.611179114051013
24291,-7.9752722735233705
24292,-4.645137152301561
24299,-8.604527530799809
24304,-2.438147446452255
24311,-4.043946144832968
24318,-3.324028832917925
24319,-4.608179688137293
24320,-5.96927122921653
24331,-7.638147512209694
24336,-1.5888495416642872
24341,-5.958989539825595
24358,-5.791811097123439
24369,-3.7451246515698378
24371,-6.040135036941434
24372,-5.913447315697236
24383,-0.5793009030141477
24387,-5.568648234347314
24389,-1.6535378807828605
24397,-6.636032510563796
24406,-3.5992792346409526
24407,-2.21991934356179
24415,-6.481193159847986
24423,-8.959233509256409
24425,-8.046256940895715
24427,-1.9267751284400503
24440,-10.303184711865462
24443,-11.117903469352786
24445,-5.700216126853926
24454,-2.7340704667430145
24471,-10.58332946340111
24474,-0.951901863374807
24477,-6.85356466666624
24480,-4.397001970357198
24491,-3.695083456570432
24493,-3.3938622786431383
24495,-7.182036172396909
24502,-3.6429751806563404
24507,-4.21256219618662
24508,-5.914561667600302
24513,-6.993184426446452
24532,-7.213341179724916
24534,-1.8201551588900133
24538,-5.697412172147164
24540,-5.0660878327029994
24544,-8.177264453413
24546,-7.590565693276753
24555,-4.368464830897278
24567,-3.245912227907185
24568,-6.704544354370238
24578,-5.451401552506372
24579,-1.4667045997395343
24581,-5.772500097199284
24582,-1.8453914590110148
24583,-2.870025704977185
24586,-2.8150684922966644
24589,-8.035656612350339
24590,-2.011770322493929
24591,-3.5722271810933406
24597,-4.950299999045372
24601,-10.669605341246868
24608,-7.037467377018849
24614,-7.002723471120028
24618,-10.963402754946244
24622,-3.0397994373678117
24637,-7.158199060589746
24642,-3.9185104852065087
24653,-6.3891669796517405
24667,-9.635696601337914
24671,-7.501679018668618
24679,-4.667345842793649
24683,-5.479137584011519
24687,-4.166194675230357
24690,-5.499724183265267
24693,-6.84814964998927
24696,-5.768275515280176
24699,-7.8151822827782125
24705,-8.613724782659386
24710,-3.154642060831851
24728,-5.253007987815211
24729,-6.313363516036432
24736,-5.901722010673558
24745,-3.222361750598504
24761,-10.826726060697103
24770,-4.05695171938509
24776,-6.918428078846157
24779,-7.870212118450606
24780,-9.104261523762638
24782,-7.812273587349703
24788,0.5134525667524901
24792,-4.624297731137476
24801,-4.684439235645804
24802,-0.1957944078353075
24805,-5.429799680864063
24853,-0.8388915366863824
24859,-4.655864243017912
24863,-4.702189389326806
24875,-3.9103864615428807
24883,-4.971913388071395
24890,-9.034335221451329
24893,-9.620716745489762
24903,-4.318599434752012
24905,-5.919170634722013
24906,-7.308100831554531
24916,-8.342552596956473
24923,-8.8777894609458
24939,-7.814941047999147
24952,-7.705126132995205
24963,-11.248635329707962
24978,-0.6428705860037562
24979,-5.384966870316987
24983,-8.083213859086168
24985,-4.876646143758401
24991,-5.381332915059474
25008,-1.081494211649095
25009,-4.581581622745179
25011,-10.892073258980313
25017,0.18583161674037152
25019,-5.671410605594226
25032,-3.981608519370899
25046,-8.128980916614223
25052,-4.7438744343411265
25058,-8.746213784655797
25060,-4.151485581929022
25062,-5.011890818172252
25084,-5.78409649611864
25099,-8.471467767270369
25121,-4.012650994441645
25124,-9.489767838719581
25127,-1.503897537172905
25134,-3.4156712124211093
25136,-2.3507114827659756
25145,-10.77393319716551
25154,-5.3628515868751965
25181,-4.030042737134797
25182,-3.5632253869657387
25183,-3.9911995788876165
25184,-4.464072596278898
25186,-10.09195814727345
25187,-4.598561458263019
25201,-9.944447592227762
25204,0.0679038557999586
25210,-4.423601887977143
25212,-8.115407644234214
25216,1.2775358263096566
25220,-5.42960038777894
25235,-5.02859315821945
25243,-2.9272280827857733
25247,-8.56649043416641
25252,-6.257227224632713
25253,-2.7945571890574983
25255,-4.436029640752927
25268,-5.373917925845302
25276,-5.819455637984945
25277,-0.34169460641504695
25278,-4.799796372174856
25279,-5.009917068933428
25301,-9.28469687942931
25303,-4.752130175121204
25304,-8.200823935262205
25305,-0.5690072908667929
25306,-4.831721925989464
25311,-5.855800950425699
25315,-3.8484624793784628
25316,-5.714604459380594
25321,-6.227265829894016
25333,-2.8797169011881665
25337,-5.099951134645947
25340,-1.7394253129413333
25343,1.5623568233167144
25363,-10.709798977987674
25367,-5.754755440252006
25368,-8.101514321906178
25377,-1.9622801293015772
25389,-7.140001598002309
25394,-9.064879018400203
25399,-4.378134738082458
25403,-3.573469720493705
25407,-5.491456858923288
25412,-8.587230081296473
25422,-4.241937319894608
25429,-7.610786899687277
25430,-6.708371843530991
25439,-3.815923689961117
25442,-1.166384463721684
25447,-7.022376762417587
25449,-7.322991053274296
25457,-1.6034214020370032
25466,-8.7934932168612
25481,-6.930650586689855
25492,-8.001052066154132
25493,-5.018510740145943
25497,-5.682943375128228
25501,-5.6128775636296355
25506,-4.498685499872528
25512,-5.3263991312099375
25520,-7.142964101437165
25521,-4.974291204046905
25537,-1.50586590851561
25554,-4.166227247376174
25570,-8.203288896756831
25577,-6.6601020021300865
25588,-7.528714022492484
25589,-7.692447794373625
25590,-11.418929857226633
25598,-5.236250344788641
25605,-12.208565706220352
25608,-1.6477087218651079
25610,-7.5237671550577
25615,-8.061511532023387
25617,-1.896580173517325
25634,-4.146107583249134
25635,-4.074042806752558
25638,-3.9936859866156222
25650,-4.718884576713301
25651,-8.593168322562898
25654,-3.5584966773915347
25662,-1.2481161487432662
25667,-4.077310444579428
25678,-8.182146063841666
25680,-9.21751787469678
25682,-5.07478736120285
25687,-4.766672976435444
25688,-0.44335170012103636
25698,-4.482204104725093
25718,-3.65656359937784
25721,-5.728087317522584
25740,-3.3075702004637004
25741,-6.831660059190399
25742,-10.37119103100584
25761,-9.141854569966071
25766,-7.35307362111076
25789,-3.492089251469475
25791,-11.974010922231141
25799,-11.342870096051511
25813,-2.4276771793999394
25816,-4.112046956762664
25821,-6.652043264944159
25825,-7.408214994751994
25830,-9.364409000723803
25842,-3.6581130462856457
25845,-1.7020805507638344
25851,-4.790285345850342
25859,-4.1428597233568185
25864,-6.427274903611893
25865,-1.9852780072697032
25867,-5.708079253191625
25874,-4.171975698167848
25878,-2.2262623509793693
25879,-6.3296311498358095
25889,-1.62015861243633
25891,-7.255667547687136
25904,-3.480477807903718
25910,-9.827275928944198
25914,-4.546709720708423
25920,-6.094956521537784
25928,-7.519279797293426
25942,-7.201405368518781
25948,-3.302826443135603
25958,-3.0818730036306397
25967,-6.621604809068869
25968,-1.3374163164804167
25982,-7.198480243505287
25993,-11.433286744410603
25996,-4.919609751964215
26000,-6.171599612140293
26010,-6.848011673899668
26021,-8.250180149458945
26025,-6.590471430511218
26044,-7.988575655364728
26048,-1.87256332372175
26062,-6.779421177009949
26074,-12.875606770172597
26076,-1.371783603432006
26078,-3.5075871213501304
26081,-6.372813303825072
26085,-4.825532157049975
26091,-1.8416605581907224
26094,-2.5384630325084125
26098,-3.568364366704489
26100,-1.3647139880703099
26103,-8.839997761846897
26106,-5.0292223851057285
26126,-7.271512550732459
26132,-3.661770430195665
26138,-6.258039673828387
26143,-6.693936911631715
26144,-5.3933504343387035
26148,-12.698632319674438
26155,-6.255878987811465
26161,-3.5638166632052797
26163,-7.428102386667282
26172,-1.7304079060530757
26179,-5.346099356109142
26188,-3.1101006027811757
26195,-7.606731220086626
26206,-6.1689976087570795
26210,-5.321672263059791
26224,-3.336277314379222
26226,-3.877422172117738
26231,-2.8430623978207215
26233,-8.807484661330225
26245,-2.29571966086563
26257,-5.181173691703975
26263,-2.1165008562767933
26268,-1.7884825474924848
26276,-4.247910668425006
26278,-2.7369243963726206
26279,-1.6889780969357606
26289,-10.836830326819193
26291,-5.6716202584859055
26294,-4.848926505979124
26298,-5.805769921580826
26303,-7.548289374761467
26307,-0.7715032464371927
26309,-7.05958173309983
26320,-1.2045571657720713
26328,-4.600200558325603
26330,-2.2034729301023224
26335,-5.44409566568657
26339,-4.185017640382423
26340,-3.836819501127594
26343,-7.043635862143141
26344,-6.597120756613085
26349,-14.07188856686478
26351,-7.528765851430908
26358,-1.120733976485554
26360,-2.7683858953511375
26367,-7.63248909375671
26369,-3.6327560206075646
26378,-3.023361836470179
26379,-6.89563498905841
26380,-4.086655217599898
26383,-6.696840428895239
26392,-4.249041752257258
26396,-2.9244557938410147
26399,-6.258912401314762
26400,-5.782099793807212
26404,-6.709724149368226
26434,-8.660950406601454
26449,-10.375646455970038
26450,-5.856219778466389
26451,-3.654617925053166
26460,-11.231746511889739
26471,-6.084085479087204
26482,-5.618821666679989
26486,-0.03610088653764127
26488,-0.8557721325974026
26491,-8.210061390988102
26492,-1.1787859357755932
26493,-9.114917872199095
26494,-8.989314560976014
26500,-12.112267749393105
26506,-5.398167855628788
26508,-0.1138294092982749
26516,-3.80915757229509
26518,-8.137329221435419
26520,-6.014668990318502
26522,-1.5245740496076114
26523,-3.6177566282077738
26529,-6.19116838588332
26552,-0.7103678026738586
26553,-10.67431923789628
26560,-3.85924966639739
26577,-8.009410109312721
26578,-9.437848303811544
26593,-11.371437950584857
26598,1.3857842229316177
26615,-2.425434073070555
26620,-3.4457511018276183
26621,-6.106723562056347
26629,-3.3315153958085792
26632,-6.348057248371263
26635,-7.540944518552525
26637,-5.686286039026286
26645,-3.8272803048644572
26648,-3.528753010058055
26649,-2.368658648975957
26655,-8.999584717852597
26661,-4.154377333958287
26664,-4.7335587733384035
26671,-7.2660726778474904
26676,-5.018653491867078
26692,-3.3873832697959596
26695,-7.310560785698091
26708,-4.778752690518036
26732,-8.295338932862043
26733,-10.1187151068308
26746,-5.9327564659092955
26758,-5.2762666004076975
26765,-6.350242884562368
26769,-3.8788875766003326
26770,-6.691139503992105
26775,-3.3938435275243473
26778,-6.805834762783593
26791,-10.22484197759135
26798,-4.147374244309709
26808,-4.544845878677841
26817,-2.9970987186880462
26820,-10.308317481885384
26827,-9.335876424783342
26828,-4.807392456665073
26843,-1.2128370354470264
26855,0.816029733093133
26868,-0.9476649295756779
26869,-8.762184951203913
26870,-3.0243133131355933
26888,-1.7858088303057373
26891,0.47653957377534834
26900,-6.133537534746542
26909,-6.108143917403114
26924,-7.23970623006158
26927,-10.861662427247069
26928,-7.599291074474446
26929,-5.942666800948631
26931,-5.888896125311974
26938,-4.419867772294837
26942,-10.308522969068528
26943,-5.431557077242138
26945,-3.5253042786414817
26946,-5.220580382413504
26950,-3.9141216880603937
26951,-4.723977330537351
26960,-11.504114324858156
26964,-8.005962293180767
26966,-2.6060354432645516
26976,0.042655073349135826
26978,-4.929945169774307
26979,-9.319993602709486
26981,-4.892581644033544
26982,-1.4771339058010722
26985,-3.893449191289912
26988,-10.321634584988228
26994,-8.533095021419324
27003,-3.4424609472226355
27008,-4.9313477440777325
27013,-3.920257703266968
27021,-7.213969402576221
27023,-8.803657201513273
27028,-7.955041103131763
27032,3.0554716348810342
27035,-6.776928008040831
27038,-5.393484960820918
27039,-6.286892527760219
27041,-5.114370196645699
27048,-9.362933343005807
27077,-7.709435377892899
27088,-9.758543516301653
27089,-3.926836042949415
27091,-3.480474029438243
27099,-6.2429256507203394
27132,-6.892109951947019
27135,-3.9286025143240657
27149,-6.281575734140787
27153,-6.818194802393628
27160,-4.745964226724975
27167,-6.398565868849837
27174,-1.9369871332413435
27175,-5.553078609111398
27176,-1.4123474576143396
27177,-1.583409111759341
27179,-6.655676486186334
27188,-5.676318187059943
27191,-0.6518676388194141
27200,-6.896722353424699
27212,-2.5405148261854813
27218,-5.513367848784764
27220,-5.543896671062309
27224,-6.820090961652695
27226,-6.349643698410244
27227,-6.12065635032308
27229,-5.5942451214297275
27230,-5.371817190287304
27233,-4.668033865904914
27236,-2.553895590729739
27242,-4.030503242397515
27250,-9.733956539658095
27252,-3.873255095288088
27257,-9.373871121508119
27262,-8.411549309853713
27263,-7.7034183373258385
27265,-3.4104707423404728
27269,-6.697801821274424
27275,-3.6018995333319075
27287,-5.768618907407126
27288,-3.7091374759334363
27290,-3.92096070057415
27298,-2.6958470828728953
27314,-6.249659246798964
27321,-10.09280238698408
27329,-5.068800194733675
27342,-5.915067742434755
27348,-10.508929704818064
27356,-7.292756526030011
27358,-4.196270419171136
27360,-11.708677320627405
27370,-9.26177036927097
27384,-6.889878707132358
27391,-3.2897729225562955
27395,-4.577701426209151
27399,-6.296500465179837
27409,-7.652330864417768
27410,-3.0472488007176106
27415,-7.826946787533424
27424,-6.742946996010308
27426,-5.093386768262841
27442,-2.8707749679145285
27450,-1.8738646828600953
27453,-5.529832655653773
27457,-7.874894750890487
27459,-9.982027255029193
27460,-4.505503525686936
27475,-5.610546461022006
27476,-5.8607509922092484
27478,-5.142778696609345
27487,-7.681729549078522
27488,-6.451585345329938
27500,-0.3762503735390745
27502,-3.1506934550141965
27506,-7.448124097608506
27510,-6.96143726445322
27519,-7.012219955267404
27525,-5.292370247736358
27526,-3.842053710060146
27528,-6.548112316112112
27533,-1.8082558908050819
27536,-10.922809606717628
27537,-4.855247408960923
27549,-5.0171128562720275
27554,-2.6381945621201988
27559,-4.3518599045924065
27561,-6.206096425001308
27562,-5.764688509157262
27571,-2.954377443596189
27572,-4.842038019610821
27579,-4.342828214217371
27583,-4.338754995591982
27602,-5.542051172510453
27604,-4.208012995996682
27618,-1.9073691701881863
27619,-7.3743022453217355
27623,-8.368564693101252
27628,-1.0085112123469506
27639,-0.9244792880186601
27644,-11.332925794380355
27654,-3.3086872244105514
27656,-4.896621505217566
27661,-8.784669812934993
27671,-7.182906653263039
27675,-3.9726028036133956
27677,-9.554889455153253
27684,-6.837097616339618
27685,-6.895226177035709
27688,-4.972582817321079
27707,-3.062086872598313
27711,-3.799445463546935
27712,-1.031052245704512
27718,-9.211333606289575
27723,-7.411591085927658
27725,-6.8475752146043884
27726,0.6020820984191402
27727,-5.116416100681696
27728,-4.642793537677058
27730,-3.24321258970593
27735,-6.348057248371263
27749,-6.795833758651448
27756,-7.372713958835705
27770,-9.838213462137068
27779,-8.076372967844657
27788,-1.5636144368431837
27797,-4.7055242273962845
27816,-1.5340617150292148
27823,-7.104788325878177
27830,-5.486900583456423
27834,-4.796056820015975
27835,-6.991488477663744
27839,-3.4409229730463258
27848,-5.828813332283814
27852,-5.451623624169506
27862,-6.488455700928261
27866,-8.94422449141807
27874,-5.565113159150327
27875,-2.8737054449593247
27877,-2.260383250970657
27886,-7.368677229508666
27887,-4.724054810441675
27904,-10.865997496439944
27917,-4.786263600597178
27927,-4.342290035387354
27934,-7.235662094915423
27946,-7.75214077961716
27948,-8.809244552152537
27958,-4.84960442275514
27959,-0.4507201485968559
27966,-4.89228642772514
27969,-5.1567439610660495
27972,-4.025371212315155
27977,-4.948235105084179
27978,-6.1393146247549595
27979,-4.461267091330518
27981,-2.0167782352725467
27993,-7.2964952656275806
27994,-8.350333635922238
27995,-8.553775820915382
28002,-4.816700962641946
28005,-3.3733654632541805
28010,-5.2941190915105185
28020,-12.068474555530955
28032,-8.310628306352294
28034,-4.740874383921129
28035,-6.268445159735759
28036,-2.7860183678737314
28048,-6.041564328443591
28051,0.11044315855418148
28056,-7.017759914501587
28073,-2.639379209788157
28083,-4.597453454561892
28101,-7.110163479446612
28102,-2.628967682241925
28108,-7.4402741471379
28109,-7.191769187607755
28116,-6.866683553485668
28121,-6.205778508506065
28124,-1.2217924348797757
28125,-5.964633269093762
28126,-5.036867408756429
28140,-10.46217526322405
28141,-3.45761942129744
28148,-5.58516936995698
28150,-7.730456562097711
28151,-6.9498206202453785
28156,-7.310094890549823
28157,-2.934097062412385
28160,-6.897655500527394
28192,-7.644798260400019
28194,-1.2253620516889718
28195,-5.140687513831481
28199,-2.6681711271463695
28201,-8.209052696296515
28208,-7.814117726437869
28209,-2.167242184368992
28239,-5.003758651527504
28249,-8.013989908655837
28250,1.0344085701176422
28262,-5.599320762231483
28263,-8.474298556276054
28265,-3.0981128019096187
28270,-9.506256788776843
28279,-3.823745503045634
28286,-5.060473464123678
28295,-5.28327689720735
28296,-5.639899768658057
28303,-3.136138650641719
28304,-4.981317557376288
28310,-5.994937432743785
28316,-5.461227254180087
28327,-5.103538847844907
28332,-11.966041000832115
28333,-5.175054519159655
28338,-6.609540262399981
28340,-4.556953504371663
28341,-9.302442497046535
28349,-2.905962653548302
28350,-4.329027039452535
28351,-7.465966008470258
28356,-5.223838560673683
28360,-6.242255414467374
28366,-8.409879359193766
28373,-10.935240910490705
28374,-2.976225715598903
28379,-6.177620702354675
28386,-3.5730923563236754
28388,-2.3092426599024694
28395,-5.0507120813262745
28399,-5.484201214610223
28401,-6.351163906026278
28404,-4.9339658880942086
28414,-4.518458232774951
28418,-5.393755800147488
28427,-5.363458117438362
28429,-6.0889576637147
28430,-5.619888219247461
28431,-5.9467830994760345
28435,-9.072136879741997
28443,-4.796953482166389
28445,-5.504355307520468
28447,-5.39769872700248
28453,-3.338511996798464
28455,-1.4455232719795874
28456,-8.831976958538633
28457,-10.839183923998387
28465,-8.126786466997372
28476,-5.805896608270264
28499,-0.5497786578302452
28500,-3.5401048193230364
28501,-6.571110800610162
28519,0.6460837612151938
28528,-11.717083631072587
28530,-6.689579504928254
28532,-9.594641809743697
28539,-6.867227988862978
28547,-11.013986893597062
28556,-5.3976072221207625
28561,-11.681338244256393
28563,-5.701217429244146
28567,-5.536351226202438
28574,-3.6196637642475573
28578,-5.195441005364023
28583,-5.868186809815004
28586,-2.77186854259448
28593,-7.118692606009013
28594,-8.316329417054495
28599,-5.479304582571961
28605,-5.904136696152785
28606,-9.827716870918714
28617,-5.384913820884362
28620,-8.67769173431318
28621,-4.626007581745348
28629,-7.280040010852329
28634,-5.341551944071548
28637,-1.8574827036214232
28646,-7.78149515201457
28648,-9.941116638161043
28655,-4.2528041583328235
28666,-4.377827986725626
28675,-3.6656387771520627
28684,-4.851151614880818
28688,-7.458683820703011
28691,-7.241630901677337
28692,-3.0103385770362956
28695,-7.682111034167086
28701,-8.331627570489331
28704,-7.386838408293572
28711,-3.601157690191994
28719,-7.289367184280148
28729,-7.381852042472811
28731,-4.981515241798806
28736,-4.0460675599535465
28742,-4.648796962946167
28755,-5.738684334446972
28778,-1.6672141451384732
28779,-7.173593859110963
28783,-0.8976336082348617
28784,-5.315824998386331
28807,-7.59694579420474
28824,-4.832439118538441
28825,-4.885916255713143
28841,-6.136763074379436
28842,-7.40792831027098
28858,-5.375515910567382
28860,-5.114412221853237
28863,-2.9006152539573278
28867,-8.202393715048242
28872,-0.7546503013553114
28880,-7.375899424734066
28883,-6.345137971152684
28910,-2.0471121882436623
28914,-2.5292721189599336
28917,-6.573177728838669
28923,-1.8459920576953421
28935,-6.977616420955621
28939,-6.317813824936927
28943,-8.823361524845215
28944,-2.309222629255624
28951,-9.736490982786972
28958,-3.6236980264454797
28959,0.5941481151170536
28960,-5.807283044196247
28963,-5.439719563697705
28980,-11.42063524046614
29008,-8.154717307503944
29016,-5.416453765339386
29020,-5.663041052237109
29041,-0.9596053098177697
29044,-7.068425442913506
29052,-2.1616009792030653
29053,0.452744259125065
29056,1.7610164241211967
29062,-5.32297241141068
29069,-7.83353192782617
29073,-5.390397615628575
29076,0.461168891944041
29088,-6.4157516756019755
29098,-4.034086299632548
29111,-3.897745204772645
29115,-8.938007814092044
29118,-8.009735372469361
29119,-3.0490845670018807
29125,-3.4804727648103584
29127,-7.9983047839837464
29130,-3.771731127442168
29138,-9.559036656575296
29141,-7.352061517579921
29157,0.5646967208886625
29161,-3.882368056926123
29167,-6.961097707045089
29179,-5.9814720885543
29196,-6.6326468742515505
29200,-6.755641030094922
29202,-3.090109293051629
29208,-8.448498882910934
29212,-3.735290936496282
29216,-4.607235178068548
29223,-7.681387136155139
29224,-6.370744259857825
29228,-11.805486556267553
29229,-3.4522714937738197
29233,0.04758337157352306
29235,-8.344549591324027
29239,-5.267867678795042
29261,-5.05111785023507
29264,-2.090945998722621
29265,-2.03726092723399
29286,-5.433957571945266
29300,-8.975536715060498
29301,-3.591516259471394
29310,-4.97777819649223
29316,-4.348406491528984
29331,-4.921994817406053
29334,-5.7226939052438475
29341,-5.272321053793314
29350,-5.358441309167649
29355,-4.917670550307128
29360,-5.282298329134648
29386,-2.4460581203594476
29387,-12.646706883516176
29400,-4.181105678154195
29414,-3.7707099223106573
29420,-10.013821308753071
29422,-11.094067805511335
29423,-7.9492006791008
29428,-5.374582182510443
29430,-5.265990577791422
29431,-4.281928614230723
29445,-3.940504619428015
29456,-0.8900279404172473
29460,-7.321624341716652
29474,-3.6488257507330872
29478,-0.9848748421958313
29488,-4.70409187763492
29489,-1.880325227351081
29494,-6.9333696983901785
29502,-6.295201251125274
29505,-6.31855413875815
29509,-0.6884246764269949
29533,-3.806539413488889
29534,-5.380753401252443
29536,-2.721657322622604
29566,-4.599434294547931
29571,-8.733975377470005
29579,-6.920475692988242
29585,-3.0308893103474257
29598,-3.5192463446331987
29602,-7.056998109269574
29605,-8.823120941120859
29608,-0.9200517937665124
29609,-8.520621095133055
29611,-0.2874417084939053
29614,-2.900759687260657
29617,-6.0739361244551455
29619,-4.077136860010965
29631,-4.86098869394549
29634,-6.05984721777009
29642,-9.967796474280828
29646,-11.667619596577484
29650,-2.85472757698917
29676,-6.115606481419923
29677,-6.8881807897768494
29683,-4.535404703792698
29693,-6.60525047824281
29707,-7.733712921612366
29720,-6.903124659321135
29726,-2.741445936190289
29734,-4.399483587542785
29740,-0.07307691458963415
29743,-3.548594769216247
29746,-4.454566527382675
29753,-7.131833367124379
29756,-6.863898364986819
29768,-4.819480771058768
29784,-7.057572455470394
29789,-6.818270924568473
29793,-6.442837806392011
29795,-7.167052952539724
29797,-6.606874650601779
29803,-10.77166493157893
29804,-2.524541351813678
29810,-3.232591420702221
29820,-2.410642526100122
29823,-5.459436286752267
29824,-7.365842871016258
29827,-7.82337741098841
29837,-1.5156665234276896
29838,-1.0321748576754153
29848,-7.611122775432932
29857,-4.901104170451418
29859,-5.281819929531491
29862,-4.440070462408244
29865,-6.5178775017329444
29866,-6.65175433041208
29869,-7.049088105734934
29870,-6.195881935619348
29875,-8.020073682396687
29878,-4.840312911260257
29884,-7.034632618000079
29885,-2.5526782206646175
29887,-2.6500664081817056
29895,-3.8385655047058136
29900,-4.7783982328695265
29912,-2.0092607971868155
29916,-3.063722723958821
29924,-3.148654402228862
29930,-7.2749514777351925
29939,-3.6485528684100523
29940,-6.6422540671087225
29942,-3.6000357597762225
29950,-3.0027758779334603
29956,-5.715467625918419
29961,-5.499361767460463
29964,-11.03307469573947
29965,-4.158589305434659
29974,-1.666849349110015
29986,-5.339125195312588
29987,-3.51980397767176
29994,-9.959020140431868
30001,-5.094939373468708
30005,-5.839224364229787
30021,-6.583429460922091
30047,-7.5238190541057355
30057,-1.8139835633569634
30070,-9.64587756590303
30071,-5.8264208001852635
30075,-4.797715238230284
30079,-6.0427823597185775
30092,-4.488704914922852
30094,-7.861842391473913
30095,-5.890229422261164
30097,-5.720775054937145
30107,-4.682977779029253
30108,-2.5749765683751598
30109,-8.090418592807474
30115,-3.652699458325607
30121,-4.04594569600306
30122,-6.3390967283755195
30128,-10.743985947060244
30133,-4.536395572688391
30134,-5.018837221168833
30138,-5.991764860868653
30160,-5.468329002305874
30161,-9.694010345595323
30174,-12.586163541981325
30175,-9.942613929715883
30184,-8.171998788962984
30196,-5.87182868482496
30197,-2.757053826643168
30222,-2.923211197069815
30228,-4.583558927808129
30229,-11.552829117015657
30231,-4.720706595185834
30233,-4.766497926794523
30269,4.395697155912505
30270,-6.944449260434962
30274,-4.116503288478791
30280,-2.09167815527029
30281,1.5605516746521197
30284,-1.755855511888586
30287,-7.731514796161077
30291,-5.920098199915742
30293,-6.531493139707235
30298,-3.9247193094696797
30302,-5.678241530809368
30303,-9.311913645472913
30310,-8.58642340483401
30317,-4.843608268912549
30320,-2.7377698875073775
30321,-1.1675959414075465
30351,-7.793083323397809
30352,-4.270543128409572
30362,-4.298690046944914
30378,-6.793135120836015
30379,-5.1579818442923235
30383,-5.3061070592660124
30406,-6.750285213743933
30416,-3.503192194510784
30431,-3.061311041545411
30434,-6.43877276846052
30441,-10.74032090880232
30445,-8.610743142464642
30460,-6.9536977598961505
30464,-6.896528328341397
30465,-2.9515622770195464
30468,-2.9374424941846944
30471,-2.291651095639777
30476,-5.542701713898238
30487,-6.908414377470111
30495,-5.094411415803653
30496,-5.534400837264306
30499,-8.163765086203554
30509,-3.83659660274988
30514,-6.196274411411404
30515,0.7013799506074282
30518,-5.233638324862454
30519,-4.463562016049936
30523,-7.000481159181888
30527,-3.877811278706414
30531,-3.7198443993581094
30541,-6.680535332672755
30554,-7.844068060622875
30557,-1.2585920813900568
30570,-0.1722289403518942
30572,-9.767925568676336
30592,-8.026526739158834
30593,-0.1889423312999049
30595,0.03556444489645811
30600,-6.337878943417389
30614,-6.621953437282034
30618,-3.3717531550940287
30619,-0.9342827691507517
30625,-3.706352531973983
30626,-5.756581229041352
30636,-8.508419023397966
30640,-3.0225793098626252
30649,-5.649084943813525
30653,-1.2998102116175236
30654,0.5213047743404061
30655,-0.9897752213707725
30661,-5.175456812799145
30666,-2.3597134290341435
30668,-5.029639832240481
30672,-2.152714661666734
30678,-9.087555707648727
30679,-7.290222062066986
30700,-9.589433054508651
30702,-11.099412394024146
30705,-2.82183627371593
30718,-7.02519139938381
30733,-5.127333306741634
30736,-3.7928878333726534
30743,-4.954277643551458
30761,-4.7728720855043445
30768,-9.273914637651748
30771,-3.8300758794428944
30772,-1.4340160248463982
30774,-7.350035478906345
30778,-10.637616635917395
30784,-7.812221392388262
30787,-2.8199976575585
30790,-0.9374673927217543
30795,-8.82994664276343
30800,-8.083833942852387
30819,-6.172443355317596
30820,-8.75300526899792
30823,-6.0915269275765676
30827,-7.512001047141712
30831,-8.634957273650661
30835,-5.835570348399513
30836,-2.817910001942612
30837,-5.268644470609326
30838,-9.080585708360319
30856,-3.2021541121102577
30858,-7.654277333533578
30878,-8.355682031759887
30879,-3.4393268000151216
30881,-5.264103821178279
30886,-7.29935147881896
30895,-5.178537651211096
30902,-5.268155120976648
30910,-5.426149151908924
30915,-7.086184496456405
30919,-4.014029853250126
30923,-5.339280361410935
30932,-6.211596267911284
30933,-6.170971949714473
30938,-6.1951366833742405
30944,-4.675297544826419
30958,-7.537841731492331
30973,-4.234590222965854
30974,-0.8140715641449625
30988,-7.520183106257979
30993,-3.914015544067874
30996,-4.567024932936009
31002,-4.975393200741573
31003,-6.8911724724548575
31005,-5.365251157929389
31012,-7.330850048819895
31016,-10.936946728337848
31018,-7.355327750327282
31034,-4.109358796479875
31040,-6.331972669790903
31041,-5.016532043749128
31062,-8.168934052664868
31065,-10.912998314653834
31070,-2.262312182507415
31086,-7.036514973777906
31088,-3.5311424399087277
31109,-3.59507835590718
31112,-7.751883626264703
31121,-8.857722831968898
31122,-9.525442696789417
31124,-8.282490853510394
31135,-3.25339018462898
31137,-3.7956283022965165
31145,-7.5170478110253445
31160,-4.4351944857650265
31169,-6.983906423140384
31176,-3.2896988013662147
31178,-3.6643387870586874
31183,-5.548656451748416
31184,-8.951860126196697
31189,-1.4114681631915387
31190,-8.817717522134389
31193,-6.878404814888063
31198,-7.986948429275836
31199,-6.824855682919664
31212,-4.8091322761774284
31238,-7.210982013416337
31246,-4.5645352708661475
31250,-7.178824815807487
31252,2.65565052453807
31259,-4.429467555372701
31280,-5.9254172599124235
31289,-1.9655239840048118
31304,-3.3178382957123573
31306,-5.906111438028822
31314,-10.779123509821694
31317,-3.5010411190306514
31318,-1.9712028459478463
31321,-6.373999670696977
31337,-9.884755285793906
31338,-2.2696366604464173
31347,-3.718620362163258
31378,-3.3161986877185208
31381,-10.286069247619384
31387,-5.323736030860981
31397,-5.764437635155644
31399,-5.374197741287467
31403,-7.72721025910246
31406,-5.730725848148437
31414,-4.43234674087914
31422,-4.885862623580466
31432,-11.497592092581817
31435,-7.452164910924135
31439,-2.347071694768585
31442,-5.178023371975914
31455,-4.6539385343209485
31459,-7.8160013978184875
31464,-2.6899682802509743
31469,-7.233963510227905
31472,-10.194939739054115
31482,-6.798659908302239
31483,-8.903007551147265
31489,-7.535569451816471
31495,-8.359559753053347
31501,-4.197133679487114
31503,-6.625712473254897
31510,-11.626031102273297
31515,-8.438706661908988
31529,-4.0493743991093885
31539,-3.8802458812761627
31544,-3.218454158594598
31546,-8.05239927944086
31558,-5.142322394860009
31566,-7.052563510848132
31569,-3.456911837480698
31570,-6.667965853712866
31585,-2.3021711513929626
31590,-6.888289180259254
31591,-5.8851890011160775
31605,-12.927799485148068
31609,-10.50916476173572
31610,-8.675332660806763
